    0.20000D-01    0.30445D+01
    0.40000D-01    0.30445D+01
    0.60000D-01    0.30445D+01
    0.80000D-01    0.30445D+01
    0.10000D+00    0.30445D+01
    0.12000D+00    0.30445D+01
    0.14000D+00    0.30445D+01
    0.16000D+00    0.30445D+01
    0.18000D+00    0.30445D+01
    0.20000D+00    0.30445D+01
    0.22000D+00    0.30445D+01
    0.24000D+00    0.30445D+01
    0.26000D+00    0.30445D+01
    0.28000D+00    0.30445D+01
    0.30000D+00    0.30445D+01
    0.32000D+00    0.30445D+01
    0.34000D+00    0.30445D+01
    0.36000D+00    0.30445D+01
    0.38000D+00    0.30445D+01
    0.40000D+00    0.30445D+01
    0.42000D+00    0.30445D+01
    0.44000D+00    0.30445D+01
    0.46000D+00    0.30445D+01
    0.48000D+00    0.30445D+01
    0.50000D+00    0.30445D+01
    0.52000D+00    0.30445D+01
    0.54000D+00    0.30445D+01
    0.56000D+00    0.30445D+01
    0.58000D+00    0.30445D+01
    0.60000D+00    0.30445D+01
    0.62000D+00    0.30445D+01
    0.64000D+00    0.30445D+01
    0.66000D+00    0.30445D+01
    0.68000D+00    0.30445D+01
    0.70000D+00    0.30445D+01
    0.72000D+00    0.30445D+01
    0.74000D+00    0.30445D+01
    0.76000D+00    0.30445D+01
    0.78000D+00    0.30445D+01
    0.80000D+00    0.30445D+01
    0.82000D+00    0.30445D+01
    0.84000D+00    0.30445D+01
    0.86000D+00    0.30445D+01
    0.88000D+00    0.30445D+01
    0.90000D+00    0.30445D+01
    0.92000D+00    0.30445D+01
    0.94000D+00    0.30445D+01
    0.96000D+00    0.30445D+01
    0.98000D+00    0.30445D+01
    0.10000D+01    0.30445D+01
    0.10200D+01    0.30445D+01
    0.10400D+01    0.30445D+01
    0.10600D+01    0.30445D+01
    0.10800D+01    0.30445D+01
    0.11000D+01    0.30445D+01
    0.11200D+01    0.30445D+01
    0.11400D+01    0.30445D+01
    0.11600D+01    0.30445D+01
    0.11800D+01    0.30445D+01
    0.12000D+01    0.30445D+01
    0.12200D+01    0.30445D+01
    0.12400D+01    0.30445D+01
    0.12600D+01    0.30445D+01
    0.12800D+01    0.30445D+01
    0.13000D+01    0.30445D+01
    0.13200D+01    0.30445D+01
    0.13400D+01    0.30445D+01
    0.13600D+01    0.30445D+01
    0.13800D+01    0.30445D+01
    0.14000D+01    0.30445D+01
    0.14200D+01    0.30445D+01
    0.14400D+01    0.30445D+01
    0.14600D+01    0.30445D+01
    0.14800D+01    0.30445D+01
    0.15000D+01    0.30445D+01
    0.15200D+01    0.30445D+01
    0.15400D+01    0.30445D+01
    0.15600D+01    0.30445D+01
    0.15800D+01    0.30445D+01
    0.16000D+01    0.30445D+01
    0.16200D+01    0.30445D+01
    0.16400D+01    0.30445D+01
    0.16600D+01    0.30445D+01
    0.16800D+01    0.30445D+01
    0.17000D+01    0.30445D+01
    0.17200D+01    0.30445D+01
    0.17400D+01    0.30445D+01
    0.17600D+01    0.30445D+01
    0.17800D+01    0.30445D+01
    0.18000D+01    0.30445D+01
    0.18200D+01    0.30445D+01
    0.18400D+01    0.30445D+01
    0.18600D+01    0.30445D+01
    0.18800D+01    0.30445D+01
    0.19000D+01    0.30445D+01
    0.19200D+01    0.30445D+01
    0.19400D+01    0.30445D+01
    0.19600D+01    0.30445D+01
    0.19800D+01    0.30445D+01
    0.20000D+01    0.30445D+01
    0.20200D+01    0.30445D+01
    0.20400D+01    0.30445D+01
    0.20600D+01    0.30445D+01
    0.20800D+01    0.30445D+01
    0.21000D+01    0.30445D+01
    0.21200D+01    0.30445D+01
    0.21400D+01    0.30445D+01
    0.21600D+01    0.30445D+01
    0.21800D+01    0.30445D+01
    0.22000D+01    0.30445D+01
    0.22200D+01    0.30445D+01
    0.22400D+01    0.30445D+01
    0.22600D+01    0.30445D+01
    0.22800D+01    0.30445D+01
    0.23000D+01    0.30445D+01
    0.23200D+01    0.30445D+01
    0.23400D+01    0.30445D+01
    0.23600D+01    0.30445D+01
    0.23800D+01    0.30445D+01
    0.24000D+01    0.30445D+01
    0.24200D+01    0.30445D+01
    0.24400D+01    0.30445D+01
    0.24600D+01    0.30445D+01
    0.24800D+01    0.30445D+01
    0.25000D+01    0.30445D+01
    0.25200D+01    0.30445D+01
    0.25400D+01    0.30445D+01
    0.25600D+01    0.30445D+01
    0.25800D+01    0.30445D+01
    0.26000D+01    0.30445D+01
    0.26200D+01    0.30445D+01
    0.26400D+01    0.30445D+01
    0.26600D+01    0.30445D+01
    0.26800D+01    0.30445D+01
    0.27000D+01    0.30445D+01
    0.27200D+01    0.30445D+01
    0.27400D+01    0.30445D+01
    0.27600D+01    0.30445D+01
    0.27800D+01    0.30445D+01
    0.28000D+01    0.30445D+01
    0.28200D+01    0.30445D+01
    0.28400D+01    0.30445D+01
    0.28600D+01    0.30445D+01
    0.28800D+01    0.30445D+01
    0.29000D+01    0.30445D+01
    0.29200D+01    0.30445D+01
    0.29400D+01    0.30445D+01
    0.29600D+01    0.30445D+01
    0.29800D+01    0.30445D+01
    0.30000D+01    0.30445D+01
    0.30200D+01    0.30445D+01
    0.30400D+01    0.30445D+01
    0.30600D+01    0.30445D+01
    0.30800D+01    0.30445D+01
    0.31000D+01    0.30445D+01
    0.31200D+01    0.30445D+01
    0.31400D+01    0.30445D+01
    0.31600D+01    0.30445D+01
    0.31800D+01    0.30445D+01
    0.32000D+01    0.30445D+01
    0.32200D+01    0.30445D+01
    0.32400D+01    0.30445D+01
    0.32600D+01    0.30445D+01
    0.32800D+01    0.30445D+01
    0.33000D+01    0.30445D+01
    0.33200D+01    0.30445D+01
    0.33400D+01    0.30445D+01
    0.33600D+01    0.30445D+01
    0.33800D+01    0.30445D+01
    0.34000D+01    0.30445D+01
    0.34200D+01    0.30445D+01
    0.34400D+01    0.30445D+01
    0.34600D+01    0.30445D+01
    0.34800D+01    0.30445D+01
    0.35000D+01    0.30445D+01
    0.35200D+01    0.30445D+01
    0.35400D+01    0.30445D+01
    0.35600D+01    0.30445D+01
    0.35800D+01    0.30445D+01
    0.36000D+01    0.30445D+01
    0.36200D+01    0.30445D+01
    0.36400D+01    0.30445D+01
    0.36600D+01    0.30445D+01
    0.36800D+01    0.30445D+01
    0.37000D+01    0.30445D+01
    0.37200D+01    0.30445D+01
    0.37400D+01    0.30445D+01
    0.37600D+01    0.30445D+01
    0.37800D+01    0.30445D+01
    0.38000D+01    0.30445D+01
    0.38200D+01    0.30445D+01
    0.38400D+01    0.30445D+01
    0.38600D+01    0.30445D+01
    0.38800D+01    0.30445D+01
    0.39000D+01    0.30445D+01
    0.39200D+01    0.30445D+01
    0.39400D+01    0.30445D+01
    0.39600D+01    0.30445D+01
    0.39800D+01    0.30445D+01
    0.40000D+01    0.30445D+01
    0.40200D+01    0.30445D+01
    0.40400D+01    0.30445D+01
    0.40600D+01    0.30445D+01
    0.40800D+01    0.30445D+01
    0.41000D+01    0.30445D+01
    0.41200D+01    0.30445D+01
    0.41400D+01    0.30445D+01
    0.41600D+01    0.30445D+01
    0.41800D+01    0.30445D+01
    0.42000D+01    0.30445D+01
    0.42200D+01    0.30445D+01
    0.42400D+01    0.30445D+01
    0.42600D+01    0.30445D+01
    0.42800D+01    0.30445D+01
    0.43000D+01    0.30445D+01
    0.43200D+01    0.30445D+01
    0.43400D+01    0.30445D+01
    0.43600D+01    0.30445D+01
    0.43800D+01    0.30445D+01
    0.44000D+01    0.30445D+01
    0.44200D+01    0.30445D+01
    0.44400D+01    0.30445D+01
    0.44600D+01    0.30445D+01
    0.44800D+01    0.30445D+01
    0.45000D+01    0.30445D+01
    0.45200D+01    0.30445D+01
    0.45400D+01    0.30445D+01
    0.45600D+01    0.30445D+01
    0.45800D+01    0.30445D+01
    0.46000D+01    0.30446D+01
    0.46200D+01    0.30446D+01
    0.46400D+01    0.30446D+01
    0.46600D+01    0.30446D+01
    0.46800D+01    0.30446D+01
    0.47000D+01    0.30446D+01
    0.47200D+01    0.30446D+01
    0.47400D+01    0.30446D+01
    0.47600D+01    0.30446D+01
    0.47800D+01    0.30446D+01
    0.48000D+01    0.30446D+01
    0.48200D+01    0.30446D+01
    0.48400D+01    0.30446D+01
    0.48600D+01    0.30446D+01
    0.48800D+01    0.30446D+01
    0.49000D+01    0.30446D+01
    0.49200D+01    0.30446D+01
    0.49400D+01    0.30446D+01
    0.49600D+01    0.30446D+01
    0.49800D+01    0.30446D+01
    0.50000D+01    0.30446D+01
    0.50200D+01    0.30446D+01
    0.50400D+01    0.30446D+01
    0.50600D+01    0.30446D+01
    0.50800D+01    0.30446D+01
    0.51000D+01    0.30446D+01
    0.51200D+01    0.30446D+01
    0.51400D+01    0.30446D+01
    0.51600D+01    0.30446D+01
    0.51800D+01    0.30446D+01
    0.52000D+01    0.30446D+01
    0.52200D+01    0.30446D+01
    0.52400D+01    0.30446D+01
    0.52600D+01    0.30446D+01
    0.52800D+01    0.30446D+01
    0.53000D+01    0.30446D+01
    0.53200D+01    0.30446D+01
    0.53400D+01    0.30446D+01
    0.53600D+01    0.30446D+01
    0.53800D+01    0.30446D+01
    0.54000D+01    0.30446D+01
    0.54200D+01    0.30446D+01
    0.54400D+01    0.30446D+01
    0.54600D+01    0.30446D+01
    0.54800D+01    0.30446D+01
    0.55000D+01    0.30446D+01
    0.55200D+01    0.30446D+01
    0.55400D+01    0.30446D+01
    0.55600D+01    0.30446D+01
    0.55800D+01    0.30446D+01
    0.56000D+01    0.30446D+01
    0.56200D+01    0.30446D+01
    0.56400D+01    0.30446D+01
    0.56600D+01    0.30446D+01
    0.56800D+01    0.30446D+01
    0.57000D+01    0.30446D+01
    0.57200D+01    0.30446D+01
    0.57400D+01    0.30446D+01
    0.57600D+01    0.30446D+01
    0.57800D+01    0.30446D+01
    0.58000D+01    0.30446D+01
    0.58200D+01    0.30446D+01
    0.58400D+01    0.30446D+01
    0.58600D+01    0.30446D+01
    0.58800D+01    0.30446D+01
    0.59000D+01    0.30446D+01
    0.59200D+01    0.30446D+01
    0.59400D+01    0.30446D+01
    0.59600D+01    0.30446D+01
    0.59800D+01    0.30446D+01
    0.60000D+01    0.30446D+01
    0.60200D+01    0.30446D+01
    0.60400D+01    0.30446D+01
    0.60600D+01    0.30446D+01
    0.60800D+01    0.30446D+01
    0.61000D+01    0.30446D+01
    0.61200D+01    0.30446D+01
    0.61400D+01    0.30446D+01
    0.61600D+01    0.30446D+01
    0.61800D+01    0.30446D+01
    0.62000D+01    0.30446D+01
    0.62200D+01    0.30446D+01
    0.62400D+01    0.30446D+01
    0.62600D+01    0.30446D+01
    0.62800D+01    0.30446D+01
    0.63000D+01    0.30446D+01
    0.63200D+01    0.30446D+01
    0.63400D+01    0.30446D+01
    0.63600D+01    0.30446D+01
    0.63800D+01    0.30446D+01
    0.64000D+01    0.30446D+01
    0.64200D+01    0.30446D+01
    0.64400D+01    0.30446D+01
    0.64600D+01    0.30446D+01
    0.64800D+01    0.30446D+01
    0.65000D+01    0.30446D+01
    0.65200D+01    0.30446D+01
    0.65400D+01    0.30446D+01
    0.65600D+01    0.30446D+01
    0.65800D+01    0.30446D+01
    0.66000D+01    0.30446D+01
    0.66200D+01    0.30446D+01
    0.66400D+01    0.30446D+01
    0.66600D+01    0.30446D+01
    0.66800D+01    0.30446D+01
    0.67000D+01    0.30446D+01
    0.67200D+01    0.30446D+01
    0.67400D+01    0.30446D+01
    0.67600D+01    0.30446D+01
    0.67800D+01    0.30446D+01
    0.68000D+01    0.30446D+01
    0.68200D+01    0.30446D+01
    0.68400D+01    0.30446D+01
    0.68600D+01    0.30446D+01
    0.68800D+01    0.30446D+01
    0.69000D+01    0.30446D+01
    0.69200D+01    0.30446D+01
    0.69400D+01    0.30446D+01
    0.69600D+01    0.30446D+01
    0.69800D+01    0.30446D+01
    0.70000D+01    0.30446D+01
    0.70200D+01    0.30446D+01
    0.70400D+01    0.30446D+01
    0.70600D+01    0.30446D+01
    0.70800D+01    0.30446D+01
    0.71000D+01    0.30446D+01
    0.71200D+01    0.30446D+01
    0.71400D+01    0.30446D+01
    0.71600D+01    0.30446D+01
    0.71800D+01    0.30446D+01
    0.72000D+01    0.30446D+01
    0.72200D+01    0.30446D+01
    0.72400D+01    0.30446D+01
    0.72600D+01    0.30446D+01
    0.72800D+01    0.30446D+01
    0.73000D+01    0.30446D+01
    0.73200D+01    0.30446D+01
    0.73400D+01    0.30446D+01
    0.73600D+01    0.30446D+01
    0.73800D+01    0.30446D+01
    0.74000D+01    0.30446D+01
    0.74200D+01    0.30446D+01
    0.74400D+01    0.30446D+01
    0.74600D+01    0.30446D+01
    0.74800D+01    0.30446D+01
    0.75000D+01    0.30446D+01
    0.75200D+01    0.30446D+01
    0.75400D+01    0.30446D+01
    0.75600D+01    0.30446D+01
    0.75800D+01    0.30446D+01
    0.76000D+01    0.30446D+01
    0.76200D+01    0.30446D+01
    0.76400D+01    0.30446D+01
    0.76600D+01    0.30446D+01
    0.76800D+01    0.30446D+01
    0.77000D+01    0.30446D+01
    0.77200D+01    0.30446D+01
    0.77400D+01    0.30447D+01
    0.77600D+01    0.30447D+01
    0.77800D+01    0.30447D+01
    0.78000D+01    0.30447D+01
    0.78200D+01    0.30447D+01
    0.78400D+01    0.30447D+01
    0.78600D+01    0.30447D+01
    0.78800D+01    0.30447D+01
    0.79000D+01    0.30447D+01
    0.79200D+01    0.30447D+01
    0.79400D+01    0.30447D+01
    0.79600D+01    0.30447D+01
    0.79800D+01    0.30447D+01
