0.02	1.654883665026101
0.04	1.6534664392862808
0.06	1.6511065299815255
0.08	1.6478071353505988
0.1	1.6435727286016317
0.12	1.6384090535422333
0.14	1.6323231188991714
0.16	1.625323191282188
0.18	1.617418786737584
0.2	1.6086206608288591
0.22	1.5989407971742373
0.24	1.5883923943642029
0.26	1.5769898511766227
0.28	1.5647487500024664
0.3	1.5516858383918246
0.32	1.5378190086279413
0.34	1.5231672752362906
0.36	1.5077507503365621
0.38	1.4915906167477317
0.4	1.4747090987603146
0.42	1.4571294304953613
0.44	1.4388758217769315
0.46	1.4199734214535629
0.48	1.4004482781146668
0.5	1.3803272981598496
0.52	1.3596382011927854
0.54	1.3384094727264293
0.56	1.3166703142029155
0.58	1.2944505903494572
0.6	1.2717807739106801
0.62	1.2486918878180475
0.64	1.225215444878158
0.66	1.20138338508356
0.68	1.177228010672098
0.7000000000000001	1.1527819190834734
0.72	1.128077933984479
0.74	1.103149034556911
0.76	1.0780282832643064
0.78	1.0527487523350634
0.8	1.027343449219944
0.8200000000000001	1.0018452413011494
0.84	0.9762867801478
0.86	0.9507004256285291
0.88	0.9251181702057201
0.9	0.8995715637474369
0.92	0.8740916392021505
0.9400000000000001	0.848708839487675
0.96	0.8234529459491887
0.98	0.7983530087416771
1.0	0.7734372794894414
1.02	0.7487331465694931
1.04	0.7242670733565721
1.06	0.700064539755268
1.08	0.6761499873293128
1.1	0.6525467683196443
1.12	0.6292770988214578
1.1400000000000001	0.6063620163663435
1.16	0.5838213421289739
1.18	0.5616736479488779
1.2	0.5399362283269633
1.22	0.5186250775238712
1.24	0.4977548718533629
1.26	0.47733895722906955
1.28	0.4573893419874782
1.3	0.43791669497434454
1.32	0.4189303488462178
1.34	0.40043830850380335
1.36	0.38244726453984923
1.3800000000000001	0.36496261155150117
1.4000000000000001	0.3479884711359269
1.42	0.33152771935882835
1.44	0.3155820184584865
1.46	0.3001518525234902
1.48	0.28523656686050175
1.5	0.27083441074948494
1.52	0.25694258326791075
1.54	0.24355728185264214
1.56	0.23067375325856695
1.58	0.2182863465665815
1.6	0.20638856789021875
1.62	0.19497313642999645
1.6400000000000001	0.18403204152732894
1.6600000000000001	0.1735566003754706
1.68	0.16353751605327121
1.7	0.15396493555834373
1.72	0.1448285075293432
1.74	0.1361174393622209
1.76	0.1278205534422886
1.78	0.11992634223245513
1.8	0.11242302197782585
1.82	0.10529858480770529
1.84	0.09854084903767318
1.86	0.09213750749654098
1.8800000000000001	0.08607617372540284
1.9000000000000001	0.08034442591843016
1.92	0.07492984849730326
1.94	0.06982007123301773
1.96	0.06500280585006164
1.98	0.06046588006846174
2.0	0.05619726905879032
2.02	0.05218512430378584
2.04	0.04841779987765497
2.06	0.04488387617030734
2.08	0.04157218109865968
2.1	0.03847180886068018
2.12	0.03557213630000292
2.14	0.03286283695970849
2.16	0.03033389291324709
2.18	0.027975604468490976
2.2	0.025778597847576964
2.22	0.023733830950579064
2.24	0.02183259731518935
2.2600000000000002	0.02006652838754614
2.2800000000000002	0.018427594221198027
2.3000000000000003	0.01690810272200849
2.32	0.015500697556665739
2.34	0.014198354841448048
2.36	0.01299437872609123
2.38	0.011882395985093984
2.4	0.010856349725663964
2.42	0.009910492317834103
2.44	0.009039377648144335
2.46	0.008237852793767065
2.48	0.007501049209126883
2.5	0.006824373511998012
2.52	0.0062034979508200465
2.54	0.005634350629615901
2.56	0.0051131055614801555
2.58	0.004636172616182862
2.6	0.0042001874220487425
2.62	0.003802001276965764
2.64	0.0034386711181863053
2.66	0.003107449595539886
2.68	0.0028057752878054105
2.7	0.0025312630973156284
2.72	0.00228169485340507
2.74	0.002055010151079675
2.7600000000000002	0.0018492974472924275
2.7800000000000002	0.0016627854334618588
2.8000000000000003	0.0014938346993739757
2.82	0.0013409297003644804
2.84	0.0012026710366863976
2.86	0.0010777680512254967
2.88	0.0009650317492272403
2.9	0.0008633680414380565
2.92	0.0007717713100324922
2.94	0.0006893182948873476
2.96	0.0006151622961641568
2.98	0.0005485276877617043
3.0	0.0004887047349894
3.02	0.0004350447087786385
3.04	0.00038695528788093315
3.06	0.0003438962397867012
3.08	0.00030537537052524973
3.1	0.00027094473306302626
3.12	0.0002401970836921179
3.14	0.00021276257558314982
3.16	0.00018830567855541492
3.18	0.0001665223140819538
3.2	0.00014713719458859552
3.22	0.0001299013562143756
3.24	0.00011458987436752819
3.2600000000000002	0.00010099975162822323
3.2800000000000002	8.894796780877893e-05
3.3000000000000003	7.826968227717259e-05
3.3200000000000003	6.881657897383074e-05
3.34	6.045534489895993e-05
3.36	5.306627321270935e-05
3.38	4.6541982468353126e-05
3.4	4.0786243885084686e-05
3.42	3.5712908958030235e-05
3.44	3.124493009527313e-05
3.46	2.7313467362018732e-05
3.48	2.3857074797903516e-05
3.5	2.0820960152612e-05
3.52	1.8156312255506174e-05
3.54	1.5819690595307172e-05
3.56	1.3772472034691224e-05
3.58	1.1980349920939926e-05
3.6	1.041288117671118e-05
3.62	9.043077263987236e-06
3.64	7.847035208910919e-06
3.66	6.803605155310504e-06
3.68	5.8940911801559445e-06
3.7	5.101982355030904e-06
3.72	4.412711274103666e-06
3.74	3.813437491287502e-06
3.7600000000000002	3.2928535176281436e-06
3.7800000000000002	2.8410112248399094e-06
3.8000000000000003	2.4491666827819374e-06
3.8200000000000003	2.1096416280131658e-06
3.84	1.8156999179125876e-06
3.86	1.5614374707448947e-06
3.88	1.3416843270514534e-06
3.9	1.1519175924204254e-06
3.92	9.88184136607269e-07
3.94	8.470320297038695e-07
3.96	7.254497931490556e-07
3.98	6.20812632381702e-07
4.0	5.308348993913048e-07
4.0200000000000005	4.5352810783435967e-07
4.04	3.871638912529318e-07
4.0600000000000005	3.3024135672899326e-07
4.08	2.8145834248696284e-07
4.1	2.3968613894754486e-07
4.12	2.0394727894569767e-07
4.14	1.7339604463860342e-07
4.16	1.4730137640727815e-07
4.18	1.2503190313674529e-07
4.2	1.060428439612588e-07
4.22	8.986455917817086e-08
4.24	7.609255284120529e-08
4.26	6.437875179572319e-08
4.28	5.44239058505371e-08
4.3	4.597097161031647e-08
4.32	3.879935841975213e-08
4.34	3.2719929079297e-08
4.36	2.7570660651051675e-08
4.38	2.321288193645477e-08
4.4	1.9528014215693025e-08
4.42	1.6414750720501175e-08
4.44	1.3786618183994259e-08
4.46	1.1569870779334106e-08
4.48	9.701672919398497e-09
4.5	8.128532829056778e-09
4.5200000000000005	6.804953598593675e-09
4.54	5.692272651967408e-09
4.5600000000000005	4.757664280567401e-09
4.58	3.97328315911988e-09
4.6000000000000005	3.315529626654267e-09
4.62	2.764420027914676e-09
4.64	2.303047610342753e-09
4.66	1.9171213954321264e-09
4.68	1.59457212354214e-09
4.7	1.3252158372491056e-09
4.72	1.1004669458613545e-09
4.74	9.130937257752267e-10
4.76	7.570101782375817e-10
4.78	6.270990058011502e-10
4.8	5.190611972146636e-10
4.82	4.2928834171341393e-10
4.84	3.5475434003507053e-10
4.86	2.9292365186402575e-10
4.88	2.4167362737106925e-10
4.9	1.9922882245965253e-10
4.92	1.6410550061489919e-10
4.94	1.3506478531933627e-10
4.96	1.1107315148256185e-10
4.98	9.126913714870806e-11
5.0	7.493532218427193e-11
5.0200000000000005	6.147476244476639e-11
5.04	5.0391189320656734e-11
5.0600000000000005	4.127238839372899e-11
5.08	3.377625964345508e-11
5.1000000000000005	2.7619137351487874e-11
5.12	2.2566012398208315e-11
5.14	1.8422354616437534e-11
5.16	1.502727963537409e-11
5.18	1.2247844395234717e-11
5.2	9.974289258785005e-12
5.22	8.116073266539253e-12
5.24	6.598573331226342e-12
5.26	5.360338690828863e-12
5.28	4.350809292551452e-12
5.3	3.5284214372999875e-12
5.32	2.8590363818424484e-12
5.34	2.3146380208436064e-12
5.36	1.8722545496354557e-12
5.38	1.5130663934334965e-12
5.4	1.2216688947796534e-12
5.42	9.854634612042455e-13
5.44	7.941552448700883e-13
5.46	6.393390871979452e-13
5.48	5.141585260019255e-13
5.5	4.1302522518735957e-13
5.5200000000000005	3.313883276924651e-13
5.54	2.6554501878204933e-13
5.5600000000000005	2.1248507616573409e-13
5.58	1.6976342389313933e-13
5.6000000000000005	1.3539573915345167e-13
5.62	1.077730191192502e-13
5.64	8.55917275204773e-14
5.66	6.779673180727915e-14
5.68	5.3534731767807735e-14
5.7	4.21162862404149e-14
5.72	3.298488027114451e-14
5.74	2.5691752568114055e-14
5.76	1.9875432295278107e-14
5.78	1.5245123393951695e-14
5.8	1.1567230615161948e-14
5.82	8.654450036325936e-15
5.84	6.356952811192916e-15
5.86	4.555278253822367e-15
5.88	3.1546244141413245e-15
5.9	2.080283844355065e-15
5.92	1.2740216107710291e-15
5.94	6.912337345198504e-16
5.96	2.987588102057147e-16
5.98	7.324498190186996e-17
