0.015	0.15593154695904968
0.03	0.15592355398618088
0.045	0.15591023228898343
0.06	0.15589158175375434
0.075	0.15586760222115162
0.09	0.15583829348603656
0.105	0.15580365529727003
0.12	0.1557636873574629
0.135	0.1557183893226804
0.15	0.1556677608021001
0.16499999999999998	0.15561180135762154
0.18	0.15555051050342883
0.195	0.15548388770550464
0.21	0.1554119323810945
0.22499999999999998	0.15533464389812093
0.24	0.15525202157454704
0.255	0.15516406467768737
0.27	0.15507077242346587
0.285	0.15497214397561979
0.3	0.15486817844484768
0.315	0.15475887488790085
0.32999999999999996	0.15464423230661667
0.345	0.15452424964689154
0.36	0.15439892579759396
0.375	0.15426825958941295
0.39	0.15413224979364362
0.40499999999999997	0.153990895120905
0.42	0.15384419421978968
0.435	0.15369214567544434
0.44999999999999996	0.15353474800807612
0.46499999999999997	0.1533719996713857
0.48	0.15320389905092285
0.495	0.15303044446236289
0.51	0.15285163414970163
0.525	0.15266746628336586
0.54	0.15247793895823716
0.5549999999999999	0.15228305019158597
0.57	0.15208279792091278
0.585	0.1518771800016954
0.6	0.15166619420503602
0.615	0.15144983821520808
0.63	0.15122810962709785
0.645	0.15100100594353838
0.6599999999999999	0.15076852457253223
0.6749999999999999	0.15053066282435906
0.69	0.15028741790856517
0.705	0.15003878693083172
0.72	0.1497847668897163
0.735	0.14952535467326664
0.75	0.14926054705550054
0.765	0.14899034069274894
0.78	0.14871473211985897
0.7949999999999999	0.14843371774625197
0.8099999999999999	0.14814729385183323
0.825	0.14785545658274965
0.84	0.1475582019469909
0.855	0.14725552580983062
0.87	0.14694742388910362
0.885	0.14663389175031577
0.8999999999999999	0.1463149248015819
0.9149999999999999	0.1459905182883894
0.9299999999999999	0.14566066728818272
0.945	0.14532536670476673
0.96	0.14498461126252454
0.975	0.1446383955004482
0.99	0.14428671376597849
1.005	0.14392956020865139
1.02	0.14356692877355043
1.035	0.1431988131945617
1.05	0.1428252069874308
1.065	0.14244610344262132
1.08	0.14206149561797385
1.095	0.14167137633116603
1.1099999999999999	0.1412757381519744
1.125	0.14087457339434004
1.14	0.14046787410824027
1.155	0.14005563207136862
1.17	0.13963783878062921
1.185	0.1392144854434483
1.2	0.13878556296891198
1.2149999999999999	0.13835106195873506
1.23	0.13791097269807168
1.2449999999999999	0.13746528514617717
1.26	0.13701398892693348
1.275	0.13655707331925138
1.29	0.13609452724736443
1.305	0.13562633927103362
1.3199999999999998	0.1351524975756802
1.335	0.1346729899624698
1.3499999999999999	0.13418780383837148
1.365	0.1336969262062186
1.38	0.1332003436548015
1.395	0.13269804234902405
1.41	0.13219000802016012
1.425	0.13167622595624967
1.44	0.1311566809926769
1.4549999999999998	0.1306313575029768
1.47	0.13010023938992246
1.4849999999999999	0.12956331007694694
1.5	0.1290205524999594
1.515	0.1284719490996224
1.53	0.12791748181415702
1.545	0.1273571320727543
1.56	0.126790880789671
1.575	0.12621870835910012
1.5899999999999999	0.1256405946509058
1.605	0.12505651900732548
1.6199999999999999	0.12446646024074552
1.635	0.12387039663266264
1.65	0.12326830593395577
1.665	0.12266016536659534
1.68	0.12204595162692879
1.6949999999999998	0.12142564089068812
1.71	0.12079920881987447
1.7249999999999999	0.12016663057168324
1.74	0.11952788080964304
1.755	0.11888293371715097
1.77	0.1182317630135964
1.785	0.11757434197327644
1.7999999999999998	0.11691064344731401
1.815	0.11624063988880255
1.8299999999999998	0.11556430338140963
1.845	0.11488160567168311
1.8599999999999999	0.11419251820531393
1.875	0.11349701216761923
1.89	0.11279505852852059
1.905	0.11208662809230217
1.92	0.11137169155244235
1.9349999999999998	0.11065021955182296
1.95	0.10992218274862915
1.9649999999999999	0.10918755188826043
1.98	0.10844629788158236
1.9949999999999999	0.10769839188985385
2.01	0.10694380541667278
2.025	0.10618251040728664
2.04	0.10541447935561843
2.0549999999999997	0.10463968541936054
2.07	0.10385810254349023
2.085	0.10306970559256003
2.1	0.10227447049211122
2.1149999999999998	0.10147237437955574
2.13	0.10066339576486258
2.145	0.0998475147013758
2.16	0.09902471296707673
2.175	0.09819497425658781
2.19	0.09735828438419507
2.205	0.09651463149814458
2.2199999999999998	0.09566400630643772
2.235	0.09480640231432225
2.25	0.09394181607363818
2.265	0.09307024744413746
2.28	0.09219169986684998
2.295	0.09130618064951981
2.31	0.09041370126407654
2.3249999999999997	0.08951427765604583
2.34	0.08860793056573583
2.355	0.08769468586096099
2.37	0.0867745748809853
2.385	0.08584763479127973
2.4	0.08491390894859623
2.415	0.08397344727576145
2.4299999999999997	0.08302630664548656
2.445	0.08207255127237895
2.46	0.08111225311222235
2.475	0.08014549226746921
2.4899999999999998	0.07917235739775941
2.505	0.07819294613414479
2.52	0.07720736549556197
2.5349999999999997	0.07621573230595137
2.55	0.0752181736102771
2.565	0.07421482708755398
2.58	0.07320584145883885
2.5949999999999998	0.07219137688799762
2.61	0.07117160537290862
2.625	0.07014671112462283
2.6399999999999997	0.06911689093185884
2.655	0.06808235450807837
2.67	0.06704332481826196
2.685	0.06600003838238833
2.6999999999999997	0.06495274555251716
2.715	0.06390171076028503
2.73	0.06284721273154961
2.745	0.06178954466486301
2.76	0.060729014370418756
2.775	0.05966594436610687
2.79	0.05860067192732367
2.8049999999999997	0.05753354908722464
2.82	0.056464942584179556
2.835	0.05539523375329055
2.85	0.05432481835897029
2.8649999999999998	0.053254106365747275
2.88	0.05218352164467275
2.895	0.05111350161294745
2.9099999999999997	0.05004449680466856
2.925	0.04897697037091752
2.94	0.04791139750776744
2.955	0.04684826481118374
2.9699999999999998	0.04578806955822366
2.985	0.044731318914405245
3.0	0.043678529067613776
3.0149999999999997	0.042630224289440445
3.03	0.0415869359253986
3.045	0.04054920131603712
3.06	0.03951756265155843
3.0749999999999997	0.03849256576315017
3.09	0.03747475885484468
3.105	0.036464691180326525
3.12	0.035462911669704535
3.135	0.03446996751184867
3.15	0.03348640269845341
3.165	0.03251275653652025
3.1799999999999997	0.03154956213644858
3.195	0.03059734488337495
3.21	0.0296566208998011
3.225	0.028727895507893675
3.2399999999999998	0.027811661700116543
3.255	0.026908398627064716
3.27	0.02601857011150121
3.2849999999999997	0.02514262319765172
3.3	0.024280986744782258
3.315	0.02343407007396971
3.33	0.022602261676774354
3.3449999999999998	0.021785927994234636
3.36	0.020985412274231657
3.375	0.020201033514813616
3.3899999999999997	0.019433085500533936
3.405	0.018681835938245392
3.42	0.01794752569811157
3.435	0.017230368164853974
3.4499999999999997	0.016530548703455324
3.465	0.015848224242696093
3.48	0.015183522979021825
3.4949999999999997	0.014536544202332089
3.51	0.0139073582443602
3.525	0.013296006549385193
3.54	0.01270250186609557
3.5549999999999997	0.012126828558518526
3.57	0.011568943033048572
3.585	0.011028774277766771
3.5999999999999996	0.010506224509443739
3.6149999999999998	0.010001169922876725
3.63	0.0095134615365294
3.645	0.009042926127830272
3.6599999999999997	0.008589367250947192
3.675	0.008152566329395575
3.69	0.0077322838154603255
3.705	0.00732826040811801
3.7199999999999998	0.006940218320937549
3.735	0.006567862591314177
3.75	0.006210882422351645
3.7649999999999997	0.005868952548748585
3.78	0.005541734618163906
3.795	0.005228878579727978
3.81	0.004930024071626709
3.8249999999999997	0.004644801800008133
3.84	0.004372834901840026
3.855	0.004113740284774947
3.8699999999999997	0.003867129937549621
3.885	0.003632612204950939
3.9	0.003409793021914203
3.915	0.003198277101873072
3.9299999999999997	0.002997669075048175
3.945	0.0028075745729355863
3.96	0.002627601255830921
3.9749999999999996	0.002457359780793664
3.9899999999999998	0.002296464708013957
4.005	0.0021445353440852953
4.02	0.0020011965212070083
4.035	0.0018660793118360805
4.05	0.001738821678775423
4.0649999999999995	0.0016190690611224213
4.08	0.001506474896905262
4.095	0.0014007010836036028
4.109999999999999	0.0013014183780834059
4.125	0.001208306737772815
4.14	0.0011210556051664815
4.155	0.0010393641379702722
4.17	0.0009629413873873629
4.185	0.0008915064272014874
4.2	0.0008247884364348571
4.215	0.0007625267384486158
4.2299999999999995	0.0007044707994144164
4.245	0.0006503801891188237
4.26	0.000600024507069743
4.2749999999999995	0.000553183276858233
4.29	0.000509645811692019
4.305	0.0004692110539610253
4.32	0.0004316873916225469
4.335	0.0003968924541064247
4.35	0.0003646528903408922
4.365	0.000334804131389699
4.38	0.00030719014007259035
4.395	0.00028166314981606757
4.41	0.0002580833948513266
4.425	0.00023631883374289228
4.4399999999999995	0.00021624486809625372
4.455	0.00019774405815704108
4.47	0.00018070583687918596
4.484999999999999	0.0001650262239061173
4.5	0.0001506075407783072
4.515	0.00013735812855319022
4.53	0.00012519206890033408
4.545	0.00011402890961630883
4.56	0.0001037933953904466
4.575	9.441520454498937e-05
4.59	8.582869237124888e-05
4.6049999999999995	7.797264158755337e-05
4.62	7.079002035504684e-05
4.635	6.422774820388378e-05
4.6499999999999995	5.823647014501309e-05
4.665	5.277033917151158e-05
4.68	4.7786807288185444e-05
4.694999999999999	4.3246425148766316e-05
4.71	3.911265032629516e-05
4.725	3.535166419399983e-05
4.74	3.1932197350896135e-05
4.755	2.8825363488223667e-05
4.77	2.600450155939767e-05
4.785	2.3445026087147996e-05
4.8	2.1124285416638257e-05
4.8149999999999995	1.9021427702336932e-05
4.83	1.7117274398962844e-05
4.845	1.539420101267443e-05
4.859999999999999	1.3836024857543984e-05
4.875	1.2427899553989127e-05
4.89	1.115621599997079e-05
4.905	1.0008509542163127e-05
4.92	8.973373072723417e-06
4.935	8.040375777516193e-06
4.95	7.199987263466154e-06
4.965	6.44350679593167e-06
4.9799999999999995	5.762997381420348e-06
4.995	5.151224436439132e-06
5.01	4.601598789624394e-06
5.0249999999999995	4.108123771386506e-06
5.04	3.6653461529942706e-06
5.055	3.2683107051946845e-06
5.069999999999999	2.912518155002121e-06
5.085	2.5938863280977622e-06
5.1	2.308714273265028e-06
5.115	2.0536491743698904e-06
5.13	1.8256558645052528e-06
5.145	1.621988765993527e-06
5.16	1.4401660889270748e-06
5.175	1.2779461297750712e-06
5.1899999999999995	1.1333055202576762e-06
5.205	1.0044192851503967e-06
5.22	8.896425759050628e-07
5.234999999999999	7.874939549362897e-07
5.25	6.966401131055499e-07
5.265	6.158819103253259e-07
5.279999999999999	5.44141636293316e-07
5.295	4.804513951448664e-07
5.31	4.2394252427713226e-07
5.325	3.7383596375016783e-07
5.34	3.294334985096163e-07
5.3549999999999995	2.9010980120637795e-07
5.37	2.553052086157731e-07
5.385	2.2451916958882107e-07
5.3999999999999995	1.9730430710916688e-07
5.415	1.7326104138965797e-07
5.43	1.52032725032136e-07
5.444999999999999	1.3330124510285227e-07
5.46	1.1678305055460879e-07
5.475	1.022255667661985e-07
5.49	8.940396208104446e-08
5.505	7.811823412129778e-08
5.52	6.819058634217931e-08
5.535	5.946306778510853e-08
5.55	5.179545129801962e-08
5.5649999999999995	4.506332762788997e-08
5.58	3.9156394764281484e-08
5.595	3.39769237336944e-08
5.609999999999999	2.9438383722497347e-08
5.625	2.546421095049103e-08
5.64	2.1986707136780978e-08
5.654999999999999	1.8946054703171952e-08
5.67	1.6289437055955776e-08
5.685	1.3970253382543455e-08
5.7	1.1947418402296595e-08
5.715	1.0184738428153356e-08
5.7299999999999995	8.650355933849183e-09
5.745	7.316255586960616e-09
5.76	6.157825406550242e-09
5.7749999999999995	5.153467341420286e-09
5.79	4.284252146123396e-09
5.805	3.533613961857925e-09
5.819999999999999	2.88708049283245e-09
5.835	2.3320351099971364e-09
5.85	1.8575076173444573e-09
5.865	1.453990785200042e-09
5.88	1.113280093788178e-09
5.895	8.283344424370711e-10
5.91	5.931558685279515e-10
5.925	4.026865890332544e-10
5.9399999999999995	2.5272192951508527e-10
5.955	1.398379440265235e-10
5.97	6.13327577571765e-11
5.984999999999999	1.518088584333984e-11
