0.015	0.009723161497279196
0.03	0.009723083508603982
0.045	0.00972295352747665
0.06	0.009722771553894246
0.075	0.009722537587852619
0.09	0.009722251629346439
0.105	0.009721913678369191
0.12	0.009721523734913171
0.135	0.009721081798969492
0.15	0.009720587870528078
0.16499999999999998	0.009720041949577672
0.18	0.00971944403610579
0.195	0.009718794130098813
0.21	0.009718092231541891
0.22499999999999998	0.009717338340419001
0.24	0.009716532456712895
0.255	0.009715674580405164
0.27	0.009714764711476183
0.285	0.009713802849905119
0.3	0.00971278899566995
0.315	0.00971172314874743
0.32999999999999996	0.009710605309113142
0.345	0.009709435476741421
0.36	0.009708213651605407
0.375	0.009706939833677023
0.39	0.00970561402292698
0.40499999999999997	0.009704236219324765
0.42	0.00970280642283863
0.435	0.009701324633435612
0.44999999999999996	0.00969979085108152
0.46499999999999997	0.00969820507574093
0.48	0.009696567307377174
0.495	0.009694877545952356
0.51	0.009693135791427322
0.525	0.009691342043761682
0.54	0.009689496302913783
0.5549999999999999	0.009687598568840732
0.57	0.009685648841498359
0.585	0.009683647120841236
0.6	0.009681593406822673
0.615	0.009679487699394699
0.63	0.009677329998508068
0.645	0.009675120304112241
0.6599999999999999	0.009672858616155423
0.6749999999999999	0.009670544934584477
0.69	0.009668179259345
0.705	0.00966576159038128
0.72	0.009663291927636295
0.735	0.0096607702710517
0.75	0.009658196620567838
0.765	0.009655570976123734
0.78	0.009652893337657068
0.7949999999999999	0.009650163705104168
0.8099999999999999	0.00964738207840003
0.825	0.009644548457478306
0.84	0.009641662842271274
0.855	0.009638725232709857
0.87	0.0096357356287236
0.885	0.009632694030240661
0.8999999999999999	0.009629600437187838
0.9149999999999999	0.009626454849490495
0.9299999999999999	0.009623257267072617
0.945	0.00962000768985679
0.96	0.009616706117764154
0.975	0.009613352550714443
0.99	0.009609946988625951
1.005	0.009606489431415538
1.02	0.009602979878998595
1.035	0.009599418331289076
1.05	0.009595804788199443
1.065	0.009592139249640695
1.08	0.009588421715522336
1.095	0.009584652185752378
1.1099999999999999	0.009580830660237342
1.125	0.009576957138882208
1.14	0.009573031621590457
1.155	0.009569054108264002
1.17	0.009565024598803248
1.185	0.009560943093107007
1.2	0.00955680959107256
1.2149999999999999	0.009552624092595587
1.23	0.009548386597570175
1.2449999999999999	0.009544097105888837
1.26	0.00953975561744246
1.275	0.009535362132120305
1.29	0.009530916649809993
1.305	0.009526419170397532
1.3199999999999998	0.00952186969376722
1.335	0.00951726821980173
1.3499999999999999	0.009512614748382043
1.365	0.009507909279387416
1.38	0.009503151812695433
1.395	0.009498342348181926
1.41	0.009493480885721026
1.425	0.009488567425185068
1.44	0.009483601966444665
1.4549999999999998	0.009478584509368629
1.47	0.009473515053824004
1.4849999999999999	0.009468393599675995
1.5	0.00946322014678799
1.515	0.009457994695021586
1.53	0.00945271724423649
1.545	0.009447387794290541
1.56	0.009442006345039692
1.575	0.009436572896338037
1.5899999999999999	0.009431087448037717
1.605	0.009425549999988942
1.6199999999999999	0.009419960552040002
1.635	0.009414319104037188
1.65	0.009408625655824843
1.665	0.00940288020724528
1.68	0.00939708275813881
1.6949999999999998	0.009391233308343698
1.71	0.00938533185769617
1.7249999999999999	0.009379378406030371
1.74	0.009373372953178341
1.755	0.009367315498970042
1.77	0.009361206043233268
1.785	0.00935504458579368
1.7999999999999998	0.009348831126474775
1.815	0.009342565665097842
1.8299999999999998	0.009336248201481967
1.845	0.009329878735444004
1.8599999999999999	0.009323457266798556
1.875	0.00931698379535793
1.89	0.009310458320932158
1.905	0.009303880843328933
1.92	0.009297251362353624
1.9349999999999998	0.009290569877809199
1.95	0.00928383638949627
1.9649999999999999	0.009277050897213023
1.98	0.009270213400755192
1.9949999999999999	0.009263323899916074
2.01	0.00925638239448645
2.025	0.009249388884254596
2.04	0.009242343369006254
2.0549999999999997	0.009235245848524603
2.07	0.009228096322590223
2.085	0.009220894790981073
2.1	0.009213641253472462
2.1149999999999998	0.009206335709837046
2.13	0.009198978159844754
2.145	0.009191568603262786
2.16	0.009184107039855598
2.175	0.009176593469384847
2.19	0.009169027891609356
2.205	0.009161410306285119
2.2199999999999998	0.009153740713165241
2.235	0.009146019111999906
2.25	0.009138245502536358
2.265	0.00913041988451887
2.28	0.009122542257688705
2.295	0.009114612621784063
2.31	0.009106630976540096
2.3249999999999997	0.009098597321688821
2.34	0.009090511656959113
2.355	0.009082373982076673
2.37	0.009074184296763977
2.385	0.00906594260074025
2.4	0.00905764889372141
2.415	0.00904930317542007
2.4299999999999997	0.009040905445545453
2.445	0.009032455703803382
2.46	0.00902395394989623
2.475	0.009015400183522886
2.4899999999999998	0.009006794404378717
2.505	0.008998136612155509
2.52	0.00898942680654144
2.5349999999999997	0.008980664987221035
2.55	0.008971851153875115
2.565	0.008962985306180766
2.58	0.008954067443811295
2.5949999999999998	0.008945097566436156
2.61	0.008936075673720928
2.625	0.008927001765327283
2.6399999999999997	0.008917875840912897
2.655	0.008908697900131426
2.67	0.00889946794263248
2.685	0.0088901859680615
2.6999999999999997	0.008880851976059806
2.715	0.00887146596626447
2.73	0.008862027938308275
2.745	0.008852537891819688
2.76	0.008842995826422808
2.775	0.008833401741737247
2.79	0.008823755637378153
2.8049999999999997	0.008814057512956134
2.82	0.008804307368077163
2.835	0.008794505202342543
2.85	0.008784651015348872
2.8649999999999998	0.008774744806687943
2.88	0.008764786575946683
2.895	0.008754776322707124
2.9099999999999997	0.00874471404654632
2.925	0.008734599747036272
2.94	0.008724433423743868
2.955	0.008714215076230847
2.9699999999999998	0.008703944704053675
2.985	0.008693622306763515
3.0	0.008683247883906148
3.0149999999999997	0.008672821435021905
3.03	0.008662342959645573
3.045	0.008651812457306346
3.06	0.008641229927527746
3.0749999999999997	0.008630595369827535
3.09	0.008619908783717635
3.105	0.008609170168704086
3.12	0.008598379524286905
3.135	0.008587536849960047
3.15	0.008576642145211321
3.165	0.008565695409522291
3.1799999999999997	0.008554696642368183
3.195	0.008543645843217823
3.21	0.008532543011533519
3.225	0.008521388146770998
3.2399999999999998	0.008510181248379302
3.255	0.008498922315800683
3.27	0.008487611348470512
3.2849999999999997	0.008476248345817209
3.3	0.008464833307262118
3.315	0.008453366232219395
3.33	0.008441847120095939
3.3449999999999998	0.008430275970291265
3.36	0.008418652782197411
3.375	0.008406977555198812
3.3899999999999997	0.00839525028867221
3.405	0.008383470981986533
3.42	0.008371639634502782
3.435	0.008359756245573929
3.4499999999999997	0.008347820814544762
3.465	0.008335833340751815
3.48	0.008323793823523213
3.4949999999999997	0.008311702262178554
3.51	0.008299558656028778
3.525	0.008287363004376063
3.54	0.008275115306513663
3.5549999999999997	0.008262815561725792
3.57	0.00825046376928749
3.585	0.00823805992846446
3.5999999999999996	0.008225604038512975
3.6149999999999998	0.00821309609867968
3.63	0.008200536108201489
3.645	0.008187924066305413
3.6599999999999997	0.008175259972208413
3.675	0.008162543825117241
3.69	0.0081497756242283
3.705	0.008136955368727479
3.7199999999999998	0.008124083057789977
3.735	0.008111158690580126
3.75	0.008098182266251258
3.7649999999999997	0.008085153783945512
3.78	0.008072073242793656
3.795	0.008058940641914914
3.81	0.008045755980416782
3.8249999999999997	0.00803251925739483
3.84	0.008019230471932535
3.855	0.008005889623101075
3.8699999999999997	0.007992496709959128
3.885	0.007979051731552665
3.9	0.007965554686914782
3.915	0.007952005575065434
3.9299999999999997	0.007938404395011275
3.945	0.007924751145745415
3.96	0.007911045826247194
3.9749999999999996	0.007897288435481976
3.9899999999999998	0.007883478972400887
4.005	0.007869617435940628
4.02	0.007855703825023182
4.035	0.007841738138555609
4.05	0.007827720375429784
4.0649999999999995	0.00781365053452214
4.08	0.007799528614693406
4.095	0.007785354614788363
4.109999999999999	0.007771128533635529
4.125	0.007756850370046935
4.14	0.007742520122817824
4.155	0.00772813779072635
4.17	0.007713703372533294
4.185	0.007699216866981785
4.2	0.0076846782727969624
4.215	0.007670087588685694
4.2299999999999995	0.00765544481333623
4.245	0.0076407499454178955
4.26	0.0076260029835807635
4.2749999999999995	0.007611203926455308
4.29	0.007596352772652056
4.305	0.0075814495207612445
4.32	0.0075664941693524435
4.335	0.007551486716974222
4.35	0.007536427162153731
4.365	0.0075213155033963305
4.38	0.007506151739185229
4.395	0.007490935867981039
4.41	0.0074756678882213915
4.425	0.007460347798320524
4.4399999999999995	0.007444975596668828
4.455	0.007429551281632427
4.47	0.0074140748515527455
4.484999999999999	0.007398546304746025
4.5	0.007382965639502863
4.515	0.007367332854087761
4.53	0.007351647946738595
4.545	0.007335910915666168
4.56	0.007320121759053646
4.575	0.007304280475056072
4.59	0.007288387061799848
4.6049999999999995	0.0072724415173821355
4.62	0.007256443839870338
4.635	0.007240394027301532
4.6499999999999995	0.007224292077681871
4.665	0.007208137988985973
4.68	0.00719193175915636
4.694999999999999	0.007175673386102769
4.71	0.00715936286770156
4.725	0.0071430002017950555
4.74	0.0071265853861908444
4.755	0.007110118418661122
4.77	0.007093599296941975
4.785	0.007077028018732671
4.8	0.00706040458169492
4.8149999999999995	0.007043728983452111
4.83	0.007027001221588549
4.845	0.007010221293648677
4.859999999999999	0.006993389197136244
4.875	0.006976504929513484
4.89	0.006959568488200286
4.905	0.006942579870573287
4.92	0.006925539073965004
4.935	0.006908446095662914
4.95	0.0068913009329085295
4.965	0.006874103582896418
4.9799999999999995	0.006856854042773224
4.995	0.006839552309636671
5.01	0.006822198380534529
5.0249999999999995	0.00680479225246352
5.04	0.006787333922368272
5.055	0.006769823387140187
5.069999999999999	0.006752260643616291
5.085	0.006734645688578068
5.1	0.0067169785187502495
5.115	0.006699259130799583
5.13	0.006681487521333579
5.145	0.006663663686899175
5.16	0.0066457876239814214
5.175	0.00662785932900212
5.1899999999999995	0.006609878798318399
5.205	0.006591846028221274
5.22	0.006573761014934167
5.234999999999999	0.006555623754611372
5.25	0.006537434243336511
5.265	0.006519192477120904
5.279999999999999	0.006500898451901922
5.295	0.006482552163541293
5.31	0.006464153607823373
5.325	0.006445702780453319
5.34	0.006427199677055287
5.3549999999999995	0.006408644293170491
5.37	0.006390036624255302
5.385	0.006371376665679216
5.3999999999999995	0.00635266441272281
5.415	0.006333899860575598
5.43	0.006315083004333899
5.444999999999999	0.006296213838998541
5.46	0.006277292359472588
5.475	0.006258318560558962
5.49	0.006239292436957989
5.505	0.006220213983264893
5.52	0.006201083193967196
5.535	0.006181900063442056
5.55	0.006162664585953529
5.5649999999999995	0.006143376755649722
5.58	0.006124036566559892
5.595	0.006104644012591433
5.609999999999999	0.006085199087526785
5.625	0.006065701785020245
5.64	0.006046152098594685
5.654999999999999	0.006026550021638135
5.67	0.0060068955474003195
5.685	0.005987188668989027
5.7	0.005967429379366397
5.715	0.005947617671345085
5.7299999999999995	0.0059277535375842965
5.745	0.0059078369705856965
5.76	0.005887867962689199
5.7749999999999995	0.005867846506068593
5.79	0.005847772592727048
5.805	0.005827646214492479
5.819999999999999	0.005807467363012718
5.835	0.005787236029750566
5.85	0.00576695220597867
5.865	0.0057466158827742045
5.88	0.005726227051013399
5.895	0.005705785701365862
5.91	0.00568529182428872
5.925	0.005664745410020552
5.9399999999999995	0.005644146448575095
5.955	0.0056234949297347524
5.97	0.005602790843043878
5.984999999999999	0.0055820341778017755
6.0	0.005561224923055494
6.015	0.005540363067592357
6.029999999999999	0.005519448599932191
6.045	0.005498481508319299
6.06	0.00547746178071412
6.075	0.005456389404784595
6.09	0.005435264367897188
6.1049999999999995	0.0054140866571075925
6.12	0.0053928562591510605
6.135	0.005371573160432372
6.1499999999999995	0.0053502373470154345
6.165	0.005328848804612435
6.18	0.005307407518572613
6.194999999999999	0.005285913473870556
6.21	0.005264366655094034
6.225	0.00524276704643137
6.24	0.005221114631658255
6.255	0.005199409394124066
6.27	0.0051776513167375955
6.285	0.005155840381952179
6.3	0.005133976571750232
6.3149999999999995	0.0051120598676271
6.33	0.0050900902505742335
6.345	0.005068067701061642
6.359999999999999	0.005045992199019561
6.375	0.005023863723819367
6.39	0.005001682254253582
6.404999999999999	0.004979447768515043
6.42	0.0049571602441750955
6.435	0.004934819658160824
6.45	0.004912425986731217
6.465	0.004889979205452247
6.4799999999999995	0.004867479289170779
6.495	0.004844926211987251
6.51	0.004822319947227064
6.5249999999999995	0.004799660467410609
6.54	0.004776947744221814
6.555	0.004754181748475204
6.569999999999999	0.004731362450081326
6.585	0.004708489818010427
6.6	0.004685563820254391
6.614999999999999	0.004662584423786682
6.63	0.004639551594520321
6.645	0.00461646529726367
6.66	0.004593325495673962
6.675	0.004570132152208409
6.6899999999999995	0.004546885228072766
6.705	0.004523584683167178
6.72	0.0045002304760291606
6.734999999999999	0.004476822563773549
6.75	0.0044533609020292264
6.765	0.004429845444872425
6.779999999999999	0.004406276144756428
6.795	0.004382652952437426
6.81	0.004358975816896333
6.825	0.004335244685256269
6.84	0.004311459502695519
6.8549999999999995	0.0042876202123556416
6.87	0.004263726755244482
6.885	0.004239779070133774
6.8999999999999995	0.00421577709345101
6.915	0.0041917207591652805
6.93	0.004167609998666685
6.944999999999999	0.004143444740639
6.96	0.004119224910925193
6.975	0.0040949504323854
6.989999999999999	0.0040706212247469346
7.005	0.004046237204445929
7.02	0.004021798284460108
7.035	0.003997304374132301
7.05	0.003972755378984116
7.0649999999999995	0.003948151200519401
7.08	0.003923491736016868
7.095	0.0038987768783114297
7.109999999999999	0.0038740065155637034
7.125	0.0038491805310171337
7.14	0.003824298802742191
7.154999999999999	0.003799361203367111
7.17	0.0037743675997946157
7.185	0.0037493178529041053
7.199999999999999	0.003724211817238743
7.215	0.0036990493406769847
7.2299999999999995	0.003673830264088012
7.245	0.0036485544209706525
7.26	0.0036232216370753532
7.2749999999999995	0.003597831730008832
7.29	0.0035723845088211207
7.305	0.003546879773574764
7.319999999999999	0.003521317314895996
7.335	0.003495696913507897
7.35	0.0034700183397455703
7.364999999999999	0.003444281353053538
7.38	0.003418485701465759
7.395	0.003392631121068792
7.41	0.0033667173354488423
7.425	0.003340744055123713
7.4399999999999995	0.0033147109769608688
7.455	0.0032886177835831708
7.47	0.0032624641427641573
7.484999999999999	0.003236249706815071
7.5	0.003209974111966317
7.515	0.0031836369777464273
7.529999999999999	0.003157237906362114
7.545	0.0031307764820835632
7.56	0.0031042522706397173
7.574999999999999	0.0030776648186289267
7.59	0.0030510136529511337
7.6049999999999995	0.003024298280268431
7.62	0.0029975181865018086
7.635	0.002970672836372713
7.6499999999999995	0.0029437616729991118
7.665	0.0029167841175567633
7.68	0.0028897395690175775
7.694999999999999	0.0028626274039781382
7.71	0.0028354469765927894
7.725	0.002808197618627021
7.739999999999999	0.0027808786396484025
7.755	0.0027534893273737987
7.77	0.0027260289481932424
7.785	0.002698496747892504
7.8	0.0026708919525981556
7.8149999999999995	0.002643213769970725
7.83	0.0026154613906734
7.845	0.0025876339901456436
7.859999999999999	0.002559730730712989
7.875	0.002531750764066232
7.89	0.002503693234145167
7.904999999999999	0.0024755572804639053
7.92	0.002447342041916659
7.935	0.002419046661104638
7.949999999999999	0.002390670289226357
7.965	0.002362212091575154
7.9799999999999995	0.002333671253689006
7.995	0.002305046988198807
8.01	0.002276338542422068
8.025	0.0022475452067494033
8.04	0.0022186663238712443
8.055	0.0021897012988917426
8.07	0.0021606496103759214
8.084999999999999	0.0021315108223744837
8.1	0.0021022845974684925
8.115	0.002072970710873063
8.129999999999999	0.00204356906563534
8.145	0.0020140797089571896
8.16	0.001984502849667237
8.174999999999999	0.001954838876859832
8.19	0.001925088379710439
8.205	0.001895252168467474
8.219999999999999	0.0018653312966098214
8.235	0.0018353270841470284
8.25	0.0018052411420255482
8.265	0.0017750753975891375
8.28	0.0017448321210248201
8.295	0.001714513952707563
8.31	0.0016841239313370327
8.325	0.0016536655227385971
8.34	0.0016231426491781363
8.355	0.001592559719016487
8.37	0.0015619216565044129
8.385	0.0015312339314933884
8.4	0.0015005025888111972
8.415	0.001469734277024892
8.43	0.0014389362762872928
8.445	0.0014081165249375208
8.459999999999999	0.0013772836445013037
8.475	0.001346446962713817
8.49	0.0013156165341669617
8.504999999999999	0.0012848031581650314
8.52	0.0012540183933583708
8.535	0.001223274568714468
8.549999999999999	0.001192584790380841
8.565	0.001161962943994708
8.58	0.0011314236920014842
8.594999999999999	0.001100982465558368
8.61	0.0010706554506211981
8.625	0.0010404595678429958
8.64	0.001010412445951472
8.655	0.0009805323883206973
8.67	0.0009508383325090603
8.685	0.0009213498026017187
8.7	0.000892086854270422
8.715	0.0008630700125467047
8.73	0.0008343202023949042
8.745	0.000805858672268523
8.76	0.0007777069109357252
8.775	0.000749886557965765
8.79	0.0007224193083761549
8.805	0.000695326812048428
8.82	0.0006686305686263086
8.834999999999999	0.0006423518187116904
8.85	0.0006165114322687048
8.865	0.0005911297952319647
8.879999999999999	0.0005662266953894143
8.895	0.0005418212086709573
8.91	0.0005179315870190548
8.924999999999999	0.0004945751490450532
8.94	0.000471768174683635
8.955	0.00044952580504642296
8.969999999999999	0.00042786194864376253
8.985	0.00040678919509093127
9.0	0.0003863187373418214
9.014999999999999	0.0003664603034003751
9.03	0.0003472220983491545
9.045	0.000328610757407233
9.06	0.00031063131058845785
9.075	0.00029328715937877465
9.09	0.00027658006569073336
9.105	0.0002605101531878183
9.12	0.0002450759209042323
9.135	0.00023027426892069638
9.15	0.00021610053569707217
9.165	0.00020254854651140323
9.18	0.0001896106723153049
9.195	0.00017727789819013085
9.209999999999999	0.00016553990047927014
9.225	0.00015438513158107714
9.24	0.0001438009113155847
9.254999999999999	0.0001337735237271002
9.27	0.000124288318154291
9.285	0.00011532981338919388
9.299999999999999	0.00010688180375602965
9.315	9.892746596863054e-05
9.33	9.144946567018779e-05
9.344999999999999	8.443006261908157e-05
9.36	7.785121355771411e-05
9.375	7.169467188530019e-05
9.389999999999999	6.594208334815806e-05
9.405	6.057507705984808e-05
9.42	5.557535126620808e-05
9.435	5.092475337472678e-05
9.45	4.6605353871707075e-05
9.465	4.2599513852414723e-05
9.48	3.888994598721885e-05
9.495	3.5459768839174794e-05
9.51	3.229255453439701e-05
9.525	2.93723698649933e-05
9.54	2.668381097459978e-05
9.555	2.4212031838233762e-05
9.57	2.194276680105057e-05
9.584999999999999	1.9862347484636304e-05
9.6	1.795771440486165e-05
9.615	1.6216423672378632e-05
9.629999999999999	1.4626649166014626e-05
9.645	1.3177180581155692e-05
9.66	1.1857417760342006e-05
9.674999999999999	1.0657361712403317e-05
9.69	9.567602720251744e-06
9.705	8.57930592664761e-06
9.719999999999999	7.68419477257565e-06
9.735	6.874532645012561e-06
9.75	6.143103070494101e-06
9.764999999999999	5.483188768624372e-06
9.78	4.888549856083826e-06
9.795	4.3534014673063e-06
9.81	3.872391033271522e-06
9.825	3.4405754352044704e-06
9.84	3.0533982257348867e-06
9.855	2.7066670865427534e-06
9.87	2.396531668938158e-06
9.885	2.1194619423882846e-06
9.9	1.8722271558541954e-06
9.915	1.6518754980396975e-06
9.93	1.4557145253499167e-06
9.945	1.2812924105419943e-06
9.959999999999999	1.1263800507300767e-06
9.975	9.889540605631488e-07
9.99	8.671806649889112e-07
10.004999999999999	7.594004959954864e-07
10.02	6.641142890183201e-07
10.035	5.799694672356706e-07
10.049999999999999	5.057475956694386e-07
10.065	4.4035268177145805e-07
10.08	3.828002949191817e-07
10.094999999999999	3.322074738793052e-07
10.11	2.877833887347589e-07
10.125	2.488207219236544e-07
10.139999999999999	2.146877318257043e-07
10.155	1.8482096167408473e-07
10.17	1.5871855639526357e-07
10.185	1.3593415021780342e-07
10.2	1.160712884808685e-07
10.215	9.877834795708402e-08
10.23	8.374392113109916e-08
10.245	7.069263119891557e-08
10.26	5.9381346033472206e-08
10.275	4.95957609641921e-08
10.29	4.114732191243145e-08
10.305	3.387046218624691e-08
10.32	2.762012804662243e-08
10.334999999999999	2.22695699979127e-08
10.35	1.7708378616879772e-08
10.365	1.3840745610824856e-08
10.379999999999999	1.0583932683780503e-08
10.395	7.866932692721607e-09
10.41	5.629309499929975e-09
10.424999999999999	3.820204884327014e-09
10.44	2.397502880083177e-09
10.455	1.3271439868846234e-09
10.469999999999999	5.825838707368631e-10
10.485	1.4439348187700575e-10
