    0.15000D-01    0.14977D+01
    0.30000D-01    0.14977D+01
    0.45000D-01    0.14977D+01
    0.60000D-01    0.14977D+01
    0.75000D-01    0.14977D+01
    0.90000D-01    0.14977D+01
    0.10500D+00    0.14977D+01
    0.12000D+00    0.14977D+01
    0.13500D+00    0.14977D+01
    0.15000D+00    0.14977D+01
    0.16500D+00    0.14977D+01
    0.18000D+00    0.14977D+01
    0.19500D+00    0.14977D+01
    0.21000D+00    0.14978D+01
    0.22500D+00    0.14978D+01
    0.24000D+00    0.14978D+01
    0.25500D+00    0.14978D+01
    0.27000D+00    0.14978D+01
    0.28500D+00    0.14978D+01
    0.30000D+00    0.14978D+01
    0.31500D+00    0.14978D+01
    0.33000D+00    0.14978D+01
    0.34500D+00    0.14979D+01
    0.36000D+00    0.14979D+01
    0.37500D+00    0.14979D+01
    0.39000D+00    0.14979D+01
    0.40500D+00    0.14979D+01
    0.42000D+00    0.14980D+01
    0.43500D+00    0.14980D+01
    0.45000D+00    0.14980D+01
    0.46500D+00    0.14980D+01
    0.48000D+00    0.14980D+01
    0.49500D+00    0.14981D+01
    0.51000D+00    0.14981D+01
    0.52500D+00    0.14981D+01
    0.54000D+00    0.14981D+01
    0.55500D+00    0.14982D+01
    0.57000D+00    0.14982D+01
    0.58500D+00    0.14982D+01
    0.60000D+00    0.14982D+01
    0.61500D+00    0.14983D+01
    0.63000D+00    0.14983D+01
    0.64500D+00    0.14983D+01
    0.66000D+00    0.14983D+01
    0.67500D+00    0.14984D+01
    0.69000D+00    0.14984D+01
    0.70500D+00    0.14984D+01
    0.72000D+00    0.14985D+01
    0.73500D+00    0.14985D+01
    0.75000D+00    0.14985D+01
    0.76500D+00    0.14986D+01
    0.78000D+00    0.14986D+01
    0.79500D+00    0.14986D+01
    0.81000D+00    0.14987D+01
    0.82500D+00    0.14987D+01
    0.84000D+00    0.14988D+01
    0.85500D+00    0.14988D+01
    0.87000D+00    0.14988D+01
    0.88500D+00    0.14989D+01
    0.90000D+00    0.14989D+01
    0.91500D+00    0.14990D+01
    0.93000D+00    0.14990D+01
    0.94500D+00    0.14990D+01
    0.96000D+00    0.14991D+01
    0.97500D+00    0.14991D+01
    0.99000D+00    0.14992D+01
    0.10050D+01    0.14992D+01
    0.10200D+01    0.14993D+01
    0.10350D+01    0.14993D+01
    0.10500D+01    0.14994D+01
    0.10650D+01    0.14994D+01
    0.10800D+01    0.14995D+01
    0.10950D+01    0.14995D+01
    0.11100D+01    0.14996D+01
    0.11250D+01    0.14996D+01
    0.11400D+01    0.14997D+01
    0.11550D+01    0.14997D+01
    0.11700D+01    0.14998D+01
    0.11850D+01    0.14998D+01
    0.12000D+01    0.14999D+01
    0.12150D+01    0.14999D+01
    0.12300D+01    0.15000D+01
    0.12450D+01    0.15000D+01
    0.12600D+01    0.15001D+01
    0.12750D+01    0.15002D+01
    0.12900D+01    0.15002D+01
    0.13050D+01    0.15003D+01
    0.13200D+01    0.15003D+01
    0.13350D+01    0.15004D+01
    0.13500D+01    0.15005D+01
    0.13650D+01    0.15005D+01
    0.13800D+01    0.15006D+01
    0.13950D+01    0.15006D+01
    0.14100D+01    0.15007D+01
    0.14250D+01    0.15008D+01
    0.14400D+01    0.15008D+01
    0.14550D+01    0.15009D+01
    0.14700D+01    0.15010D+01
    0.14850D+01    0.15010D+01
    0.15000D+01    0.15011D+01
    0.15150D+01    0.15012D+01
    0.15300D+01    0.15012D+01
    0.15450D+01    0.15013D+01
    0.15600D+01    0.15014D+01
    0.15750D+01    0.15015D+01
    0.15900D+01    0.15015D+01
    0.16050D+01    0.15016D+01
    0.16200D+01    0.15017D+01
    0.16350D+01    0.15017D+01
    0.16500D+01    0.15018D+01
    0.16650D+01    0.15019D+01
    0.16800D+01    0.15020D+01
    0.16950D+01    0.15020D+01
    0.17100D+01    0.15021D+01
    0.17250D+01    0.15022D+01
    0.17400D+01    0.15023D+01
    0.17550D+01    0.15024D+01
    0.17700D+01    0.15024D+01
    0.17850D+01    0.15025D+01
    0.18000D+01    0.15026D+01
    0.18150D+01    0.15027D+01
    0.18300D+01    0.15028D+01
    0.18450D+01    0.15029D+01
    0.18600D+01    0.15029D+01
    0.18750D+01    0.15030D+01
    0.18900D+01    0.15031D+01
    0.19050D+01    0.15032D+01
    0.19200D+01    0.15033D+01
    0.19350D+01    0.15034D+01
    0.19500D+01    0.15035D+01
    0.19650D+01    0.15036D+01
    0.19800D+01    0.15036D+01
    0.19950D+01    0.15037D+01
    0.20100D+01    0.15038D+01
    0.20250D+01    0.15039D+01
    0.20400D+01    0.15040D+01
    0.20550D+01    0.15041D+01
    0.20700D+01    0.15042D+01
    0.20850D+01    0.15043D+01
    0.21000D+01    0.15044D+01
    0.21150D+01    0.15045D+01
    0.21300D+01    0.15046D+01
    0.21450D+01    0.15047D+01
    0.21600D+01    0.15048D+01
    0.21750D+01    0.15049D+01
    0.21900D+01    0.15050D+01
    0.22050D+01    0.15051D+01
    0.22200D+01    0.15052D+01
    0.22350D+01    0.15053D+01
    0.22500D+01    0.15054D+01
    0.22650D+01    0.15055D+01
    0.22800D+01    0.15056D+01
    0.22950D+01    0.15057D+01
    0.23100D+01    0.15058D+01
    0.23250D+01    0.15059D+01
    0.23400D+01    0.15060D+01
    0.23550D+01    0.15061D+01
    0.23700D+01    0.15062D+01
    0.23850D+01    0.15063D+01
    0.24000D+01    0.15064D+01
    0.24150D+01    0.15065D+01
    0.24300D+01    0.15067D+01
    0.24450D+01    0.15068D+01
    0.24600D+01    0.15069D+01
    0.24750D+01    0.15070D+01
    0.24900D+01    0.15071D+01
    0.25050D+01    0.15072D+01
    0.25200D+01    0.15073D+01
    0.25350D+01    0.15074D+01
    0.25500D+01    0.15076D+01
    0.25650D+01    0.15077D+01
    0.25800D+01    0.15078D+01
    0.25950D+01    0.15079D+01
    0.26100D+01    0.15080D+01
    0.26250D+01    0.15082D+01
    0.26400D+01    0.15083D+01
    0.26550D+01    0.15084D+01
    0.26700D+01    0.15085D+01
    0.26850D+01    0.15086D+01
    0.27000D+01    0.15088D+01
    0.27150D+01    0.15089D+01
    0.27300D+01    0.15090D+01
    0.27450D+01    0.15091D+01
    0.27600D+01    0.15093D+01
    0.27750D+01    0.15094D+01
    0.27900D+01    0.15095D+01
    0.28050D+01    0.15096D+01
    0.28200D+01    0.15098D+01
    0.28350D+01    0.15099D+01
    0.28500D+01    0.15100D+01
    0.28650D+01    0.15102D+01
    0.28800D+01    0.15103D+01
    0.28950D+01    0.15104D+01
    0.29100D+01    0.15106D+01
    0.29250D+01    0.15107D+01
    0.29400D+01    0.15108D+01
    0.29550D+01    0.15110D+01
    0.29700D+01    0.15111D+01
    0.29850D+01    0.15112D+01
    0.30000D+01    0.15114D+01
    0.30150D+01    0.15115D+01
    0.30300D+01    0.15116D+01
    0.30450D+01    0.15118D+01
    0.30600D+01    0.15119D+01
    0.30750D+01    0.15121D+01
    0.30900D+01    0.15122D+01
    0.31050D+01    0.15123D+01
    0.31200D+01    0.15125D+01
    0.31350D+01    0.15126D+01
    0.31500D+01    0.15128D+01
    0.31650D+01    0.15129D+01
    0.31800D+01    0.15130D+01
    0.31950D+01    0.15132D+01
    0.32100D+01    0.15133D+01
    0.32250D+01    0.15135D+01
    0.32400D+01    0.15136D+01
    0.32550D+01    0.15138D+01
    0.32700D+01    0.15139D+01
    0.32850D+01    0.15141D+01
    0.33000D+01    0.15142D+01
    0.33150D+01    0.15144D+01
    0.33300D+01    0.15145D+01
    0.33450D+01    0.15147D+01
    0.33600D+01    0.15148D+01
    0.33750D+01    0.15150D+01
    0.33900D+01    0.15151D+01
    0.34050D+01    0.15153D+01
    0.34200D+01    0.15155D+01
    0.34350D+01    0.15156D+01
    0.34500D+01    0.15158D+01
    0.34650D+01    0.15159D+01
    0.34800D+01    0.15161D+01
    0.34950D+01    0.15162D+01
    0.35100D+01    0.15164D+01
    0.35250D+01    0.15166D+01
    0.35400D+01    0.15167D+01
    0.35550D+01    0.15169D+01
    0.35700D+01    0.15170D+01
    0.35850D+01    0.15172D+01
    0.36000D+01    0.15174D+01
    0.36150D+01    0.15175D+01
    0.36300D+01    0.15177D+01
    0.36450D+01    0.15179D+01
    0.36600D+01    0.15180D+01
    0.36750D+01    0.15182D+01
    0.36900D+01    0.15184D+01
    0.37050D+01    0.15185D+01
    0.37200D+01    0.15187D+01
    0.37350D+01    0.15189D+01
    0.37500D+01    0.15190D+01
    0.37650D+01    0.15192D+01
    0.37800D+01    0.15194D+01
    0.37950D+01    0.15196D+01
    0.38100D+01    0.15197D+01
    0.38250D+01    0.15199D+01
    0.38400D+01    0.15201D+01
    0.38550D+01    0.15203D+01
    0.38700D+01    0.15204D+01
    0.38850D+01    0.15206D+01
    0.39000D+01    0.15208D+01
    0.39150D+01    0.15210D+01
    0.39300D+01    0.15211D+01
    0.39450D+01    0.15213D+01
    0.39600D+01    0.15215D+01
    0.39750D+01    0.15217D+01
    0.39900D+01    0.15219D+01
    0.40050D+01    0.15221D+01
    0.40200D+01    0.15222D+01
    0.40350D+01    0.15224D+01
    0.40500D+01    0.15226D+01
    0.40650D+01    0.15228D+01
    0.40800D+01    0.15230D+01
    0.40950D+01    0.15232D+01
    0.41100D+01    0.15233D+01
    0.41250D+01    0.15235D+01
    0.41400D+01    0.15237D+01
    0.41550D+01    0.15239D+01
    0.41700D+01    0.15241D+01
    0.41850D+01    0.15243D+01
    0.42000D+01    0.15245D+01
    0.42150D+01    0.15247D+01
    0.42300D+01    0.15249D+01
    0.42450D+01    0.15251D+01
    0.42600D+01    0.15253D+01
    0.42750D+01    0.15254D+01
    0.42900D+01    0.15256D+01
    0.43050D+01    0.15258D+01
    0.43200D+01    0.15260D+01
    0.43350D+01    0.15262D+01
    0.43500D+01    0.15264D+01
    0.43650D+01    0.15266D+01
    0.43800D+01    0.15268D+01
    0.43950D+01    0.15270D+01
    0.44100D+01    0.15272D+01
    0.44250D+01    0.15274D+01
    0.44400D+01    0.15276D+01
    0.44550D+01    0.15278D+01
    0.44700D+01    0.15280D+01
    0.44850D+01    0.15282D+01
    0.45000D+01    0.15284D+01
    0.45150D+01    0.15287D+01
    0.45300D+01    0.15289D+01
    0.45450D+01    0.15291D+01
    0.45600D+01    0.15293D+01
    0.45750D+01    0.15295D+01
    0.45900D+01    0.15297D+01
    0.46050D+01    0.15299D+01
    0.46200D+01    0.15301D+01
    0.46350D+01    0.15303D+01
    0.46500D+01    0.15305D+01
    0.46650D+01    0.15307D+01
    0.46800D+01    0.15310D+01
    0.46950D+01    0.15312D+01
    0.47100D+01    0.15314D+01
    0.47250D+01    0.15316D+01
    0.47400D+01    0.15318D+01
    0.47550D+01    0.15320D+01
    0.47700D+01    0.15322D+01
    0.47850D+01    0.15325D+01
    0.48000D+01    0.15327D+01
    0.48150D+01    0.15329D+01
    0.48300D+01    0.15331D+01
    0.48450D+01    0.15333D+01
    0.48600D+01    0.15336D+01
    0.48750D+01    0.15338D+01
    0.48900D+01    0.15340D+01
    0.49050D+01    0.15342D+01
    0.49200D+01    0.15345D+01
    0.49350D+01    0.15347D+01
    0.49500D+01    0.15349D+01
    0.49650D+01    0.15351D+01
    0.49800D+01    0.15354D+01
    0.49950D+01    0.15356D+01
    0.50100D+01    0.15358D+01
    0.50250D+01    0.15360D+01
    0.50400D+01    0.15363D+01
    0.50550D+01    0.15365D+01
    0.50700D+01    0.15367D+01
    0.50850D+01    0.15370D+01
    0.51000D+01    0.15372D+01
    0.51150D+01    0.15374D+01
    0.51300D+01    0.15377D+01
    0.51450D+01    0.15379D+01
    0.51600D+01    0.15381D+01
    0.51750D+01    0.15384D+01
    0.51900D+01    0.15386D+01
    0.52050D+01    0.15388D+01
    0.52200D+01    0.15391D+01
    0.52350D+01    0.15393D+01
    0.52500D+01    0.15395D+01
    0.52650D+01    0.15398D+01
    0.52800D+01    0.15400D+01
    0.52950D+01    0.15403D+01
    0.53100D+01    0.15405D+01
    0.53250D+01    0.15407D+01
    0.53400D+01    0.15410D+01
    0.53550D+01    0.15412D+01
    0.53700D+01    0.15415D+01
    0.53850D+01    0.15417D+01
    0.54000D+01    0.15420D+01
    0.54150D+01    0.15422D+01
    0.54300D+01    0.15425D+01
    0.54450D+01    0.15427D+01
    0.54600D+01    0.15430D+01
    0.54750D+01    0.15432D+01
    0.54900D+01    0.15435D+01
    0.55050D+01    0.15437D+01
    0.55200D+01    0.15440D+01
    0.55350D+01    0.15442D+01
    0.55500D+01    0.15445D+01
    0.55650D+01    0.15447D+01
    0.55800D+01    0.15450D+01
    0.55950D+01    0.15452D+01
    0.56100D+01    0.15455D+01
    0.56250D+01    0.15457D+01
    0.56400D+01    0.15460D+01
    0.56550D+01    0.15462D+01
    0.56700D+01    0.15465D+01
    0.56850D+01    0.15468D+01
    0.57000D+01    0.15470D+01
    0.57150D+01    0.15473D+01
    0.57300D+01    0.15475D+01
    0.57450D+01    0.15478D+01
    0.57600D+01    0.15481D+01
    0.57750D+01    0.15483D+01
    0.57900D+01    0.15486D+01
    0.58050D+01    0.15489D+01
    0.58200D+01    0.15491D+01
    0.58350D+01    0.15494D+01
    0.58500D+01    0.15497D+01
    0.58650D+01    0.15499D+01
    0.58800D+01    0.15502D+01
    0.58950D+01    0.15505D+01
    0.59100D+01    0.15507D+01
    0.59250D+01    0.15510D+01
    0.59400D+01    0.15513D+01
    0.59550D+01    0.15515D+01
    0.59700D+01    0.15518D+01
    0.59850D+01    0.15521D+01
    0.60000D+01    0.15523D+01
    0.60150D+01    0.15526D+01
    0.60300D+01    0.15529D+01
    0.60450D+01    0.15532D+01
    0.60600D+01    0.15534D+01
    0.60750D+01    0.15537D+01
    0.60900D+01    0.15540D+01
    0.61050D+01    0.15543D+01
    0.61200D+01    0.15546D+01
    0.61350D+01    0.15548D+01
    0.61500D+01    0.15551D+01
    0.61650D+01    0.15554D+01
    0.61800D+01    0.15557D+01
    0.61950D+01    0.15560D+01
    0.62100D+01    0.15562D+01
    0.62250D+01    0.15565D+01
    0.62400D+01    0.15568D+01
    0.62550D+01    0.15571D+01
    0.62700D+01    0.15574D+01
    0.62850D+01    0.15577D+01
    0.63000D+01    0.15579D+01
    0.63150D+01    0.15582D+01
    0.63300D+01    0.15585D+01
    0.63450D+01    0.15588D+01
    0.63600D+01    0.15591D+01
    0.63750D+01    0.15594D+01
    0.63900D+01    0.15597D+01
    0.64050D+01    0.15600D+01
    0.64200D+01    0.15603D+01
    0.64350D+01    0.15606D+01
    0.64500D+01    0.15608D+01
    0.64650D+01    0.15611D+01
    0.64800D+01    0.15614D+01
    0.64950D+01    0.15617D+01
    0.65100D+01    0.15620D+01
    0.65250D+01    0.15623D+01
    0.65400D+01    0.15626D+01
    0.65550D+01    0.15629D+01
    0.65700D+01    0.15632D+01
    0.65850D+01    0.15635D+01
    0.66000D+01    0.15638D+01
    0.66150D+01    0.15641D+01
    0.66300D+01    0.15644D+01
    0.66450D+01    0.15647D+01
    0.66600D+01    0.15650D+01
    0.66750D+01    0.15653D+01
    0.66900D+01    0.15656D+01
    0.67050D+01    0.15659D+01
    0.67200D+01    0.15662D+01
    0.67350D+01    0.15665D+01
    0.67500D+01    0.15668D+01
    0.67650D+01    0.15672D+01
    0.67800D+01    0.15675D+01
    0.67950D+01    0.15678D+01
    0.68100D+01    0.15681D+01
    0.68250D+01    0.15684D+01
    0.68400D+01    0.15687D+01
    0.68550D+01    0.15690D+01
    0.68700D+01    0.15693D+01
    0.68850D+01    0.15696D+01
    0.69000D+01    0.15700D+01
    0.69150D+01    0.15703D+01
    0.69300D+01    0.15706D+01
    0.69450D+01    0.15709D+01
    0.69600D+01    0.15712D+01
    0.69750D+01    0.15715D+01
    0.69900D+01    0.15718D+01
    0.70050D+01    0.15722D+01
    0.70200D+01    0.15725D+01
    0.70350D+01    0.15728D+01
    0.70500D+01    0.15731D+01
    0.70650D+01    0.15734D+01
    0.70800D+01    0.15738D+01
    0.70950D+01    0.15741D+01
    0.71100D+01    0.15744D+01
    0.71250D+01    0.15747D+01
    0.71400D+01    0.15751D+01
    0.71550D+01    0.15754D+01
    0.71700D+01    0.15757D+01
    0.71850D+01    0.15760D+01
    0.72000D+01    0.15764D+01
    0.72150D+01    0.15767D+01
    0.72300D+01    0.15770D+01
    0.72450D+01    0.15773D+01
    0.72600D+01    0.15777D+01
    0.72750D+01    0.15780D+01
    0.72900D+01    0.15783D+01
    0.73050D+01    0.15787D+01
    0.73200D+01    0.15790D+01
    0.73350D+01    0.15793D+01
    0.73500D+01    0.15797D+01
    0.73650D+01    0.15800D+01
    0.73800D+01    0.15803D+01
    0.73950D+01    0.15807D+01
    0.74100D+01    0.15810D+01
    0.74250D+01    0.15814D+01
    0.74400D+01    0.15817D+01
    0.74550D+01    0.15820D+01
    0.74700D+01    0.15824D+01
    0.74850D+01    0.15827D+01
    0.75000D+01    0.15830D+01
    0.75150D+01    0.15834D+01
    0.75300D+01    0.15837D+01
    0.75450D+01    0.15841D+01
    0.75600D+01    0.15844D+01
    0.75750D+01    0.15848D+01
    0.75900D+01    0.15851D+01
    0.76050D+01    0.15854D+01
    0.76200D+01    0.15858D+01
    0.76350D+01    0.15861D+01
    0.76500D+01    0.15865D+01
    0.76650D+01    0.15868D+01
    0.76800D+01    0.15872D+01
    0.76950D+01    0.15875D+01
    0.77100D+01    0.15879D+01
    0.77250D+01    0.15882D+01
    0.77400D+01    0.15886D+01
    0.77550D+01    0.15889D+01
    0.77700D+01    0.15893D+01
    0.77850D+01    0.15896D+01
    0.78000D+01    0.15900D+01
    0.78150D+01    0.15904D+01
    0.78300D+01    0.15907D+01
    0.78450D+01    0.15911D+01
    0.78600D+01    0.15914D+01
    0.78750D+01    0.15918D+01
    0.78900D+01    0.15921D+01
    0.79050D+01    0.15925D+01
    0.79200D+01    0.15929D+01
    0.79350D+01    0.15932D+01
    0.79500D+01    0.15936D+01
    0.79650D+01    0.15939D+01
    0.79800D+01    0.15943D+01
    0.79950D+01    0.15947D+01
    0.80100D+01    0.15950D+01
    0.80250D+01    0.15954D+01
    0.80400D+01    0.15958D+01
    0.80550D+01    0.15961D+01
    0.80700D+01    0.15965D+01
    0.80850D+01    0.15969D+01
    0.81000D+01    0.15972D+01
    0.81150D+01    0.15976D+01
    0.81300D+01    0.15980D+01
    0.81450D+01    0.15983D+01
    0.81600D+01    0.15987D+01
    0.81750D+01    0.15991D+01
    0.81900D+01    0.15994D+01
    0.82050D+01    0.15998D+01
    0.82200D+01    0.16002D+01
    0.82350D+01    0.16006D+01
    0.82500D+01    0.16009D+01
    0.82650D+01    0.16013D+01
    0.82800D+01    0.16017D+01
    0.82950D+01    0.16021D+01
    0.83100D+01    0.16024D+01
    0.83250D+01    0.16028D+01
    0.83400D+01    0.16032D+01
    0.83550D+01    0.16036D+01
    0.83700D+01    0.16040D+01
    0.83850D+01    0.16043D+01
    0.84000D+01    0.16047D+01
    0.84150D+01    0.16051D+01
    0.84300D+01    0.16055D+01
    0.84450D+01    0.16059D+01
    0.84600D+01    0.16063D+01
    0.84750D+01    0.16066D+01
    0.84900D+01    0.16070D+01
    0.85050D+01    0.16074D+01
    0.85200D+01    0.16078D+01
    0.85350D+01    0.16082D+01
    0.85500D+01    0.16086D+01
    0.85650D+01    0.16090D+01
    0.85800D+01    0.16093D+01
    0.85950D+01    0.16097D+01
    0.86100D+01    0.16101D+01
    0.86250D+01    0.16105D+01
    0.86400D+01    0.16109D+01
    0.86550D+01    0.16113D+01
    0.86700D+01    0.16117D+01
    0.86850D+01    0.16121D+01
    0.87000D+01    0.16125D+01
    0.87150D+01    0.16129D+01
    0.87300D+01    0.16133D+01
    0.87450D+01    0.16137D+01
    0.87600D+01    0.16141D+01
    0.87750D+01    0.16145D+01
    0.87900D+01    0.16149D+01
    0.88050D+01    0.16153D+01
    0.88200D+01    0.16157D+01
    0.88350D+01    0.16161D+01
    0.88500D+01    0.16165D+01
    0.88650D+01    0.16169D+01
    0.88800D+01    0.16173D+01
    0.88950D+01    0.16177D+01
    0.89100D+01    0.16181D+01
    0.89250D+01    0.16185D+01
    0.89400D+01    0.16189D+01
    0.89550D+01    0.16193D+01
    0.89700D+01    0.16197D+01
    0.89850D+01    0.16201D+01
    0.90000D+01    0.16205D+01
    0.90150D+01    0.16209D+01
    0.90300D+01    0.16213D+01
    0.90450D+01    0.16217D+01
    0.90600D+01    0.16222D+01
    0.90750D+01    0.16226D+01
    0.90900D+01    0.16230D+01
    0.91050D+01    0.16234D+01
    0.91200D+01    0.16238D+01
    0.91350D+01    0.16242D+01
    0.91500D+01    0.16246D+01
    0.91650D+01    0.16251D+01
    0.91800D+01    0.16255D+01
    0.91950D+01    0.16259D+01
    0.92100D+01    0.16263D+01
    0.92250D+01    0.16267D+01
    0.92400D+01    0.16271D+01
    0.92550D+01    0.16276D+01
    0.92700D+01    0.16280D+01
    0.92850D+01    0.16284D+01
    0.93000D+01    0.16288D+01
    0.93150D+01    0.16292D+01
    0.93300D+01    0.16297D+01
    0.93450D+01    0.16301D+01
    0.93600D+01    0.16305D+01
    0.93750D+01    0.16309D+01
    0.93900D+01    0.16314D+01
    0.94050D+01    0.16318D+01
    0.94200D+01    0.16322D+01
    0.94350D+01    0.16327D+01
    0.94500D+01    0.16331D+01
    0.94650D+01    0.16335D+01
    0.94800D+01    0.16339D+01
    0.94950D+01    0.16344D+01
    0.95100D+01    0.16348D+01
    0.95250D+01    0.16352D+01
    0.95400D+01    0.16357D+01
    0.95550D+01    0.16361D+01
    0.95700D+01    0.16365D+01
    0.95850D+01    0.16370D+01
    0.96000D+01    0.16374D+01
    0.96150D+01    0.16378D+01
    0.96300D+01    0.16383D+01
    0.96450D+01    0.16387D+01
    0.96600D+01    0.16391D+01
    0.96750D+01    0.16396D+01
    0.96900D+01    0.16400D+01
    0.97050D+01    0.16405D+01
    0.97200D+01    0.16409D+01
    0.97350D+01    0.16413D+01
    0.97500D+01    0.16418D+01
    0.97650D+01    0.16422D+01
    0.97800D+01    0.16427D+01
    0.97950D+01    0.16431D+01
    0.98100D+01    0.16436D+01
    0.98250D+01    0.16440D+01
    0.98400D+01    0.16445D+01
    0.98550D+01    0.16449D+01
    0.98700D+01    0.16453D+01
    0.98850D+01    0.16458D+01
    0.99000D+01    0.16462D+01
    0.99150D+01    0.16467D+01
    0.99300D+01    0.16471D+01
    0.99450D+01    0.16476D+01
    0.99600D+01    0.16480D+01
    0.99750D+01    0.16485D+01
    0.99900D+01    0.16489D+01
    0.10005D+02    0.16494D+01
    0.10020D+02    0.16499D+01
    0.10035D+02    0.16503D+01
    0.10050D+02    0.16508D+01
    0.10065D+02    0.16512D+01
    0.10080D+02    0.16517D+01
    0.10095D+02    0.16521D+01
    0.10110D+02    0.16526D+01
    0.10125D+02    0.16530D+01
    0.10140D+02    0.16535D+01
    0.10155D+02    0.16540D+01
    0.10170D+02    0.16544D+01
    0.10185D+02    0.16549D+01
    0.10200D+02    0.16553D+01
    0.10215D+02    0.16558D+01
    0.10230D+02    0.16562D+01
    0.10245D+02    0.16567D+01
    0.10260D+02    0.16571D+01
    0.10275D+02    0.16575D+01
    0.10290D+02    0.16580D+01
    0.10305D+02    0.16584D+01
    0.10320D+02    0.16588D+01
    0.10335D+02    0.16592D+01
    0.10350D+02    0.16595D+01
    0.10365D+02    0.16599D+01
    0.10380D+02    0.16602D+01
    0.10395D+02    0.16605D+01
    0.10410D+02    0.16608D+01
    0.10425D+02    0.16611D+01
    0.10440D+02    0.16613D+01
    0.10455D+02    0.16614D+01
    0.10470D+02    0.16615D+01
    0.10485D+02    0.16616D+01
