0.02	0.611107791092144
0.04	0.6109691950736776
0.06	0.6107382016783593
0.08	0.610414810859275
0.1	0.6099990225506022
0.12	0.6094908366674054
0.14	0.6088902531054469
0.16	0.6081972717409008
0.18	0.607411892430065
0.2	0.6065341150089446
0.22	0.6055639392928547
0.24	0.6045013650759304
0.26	0.6033463921306025
0.28	0.6020990202069425
0.3	0.6007592490320602
0.32	0.5993270783092979
0.34	0.5978025077174743
0.36	0.5961855369099578
0.38	0.5944761655137213
0.4	0.5926743931282645
0.42	0.5907802193244882
0.44	0.588793643643432
0.46	0.5867146655949186
0.48	0.5845432846560986
0.5	0.5822795002698543
0.52	0.5799233118430557
0.54	0.5774747187447526
0.56	0.5749337203040813
0.58	0.5723003158081453
0.6	0.5695745044996049
0.62	0.5667562855741186
0.64	0.5638456581775919
0.66	0.5608426214031333
0.68	0.5577471742877969
0.7000000000000001	0.554559315809037
0.72	0.5512790448808519
0.74	0.547906360349578
0.76	0.5444412609893727
0.78	0.5408837454971877
0.8	0.5372338124874216
0.8200000000000001	0.5334914604859463
0.84	0.5296566879237101
0.86	0.5257294931296326
0.88	0.5217098743228972
0.9	0.5175978296044427
0.92	0.5133933569476893
0.9400000000000001	0.5090964541882401
0.96	0.5047071190126278
0.98	0.5002253489458496
1.0	0.49565114133760546
1.02	0.49098449334704836
1.04	0.4862254019258953
1.06	0.4813738637996029
1.08	0.47642987544648263
1.1	0.47139343307429876
1.12	0.4662645325941506
1.1400000000000001	0.4610431695911531
1.16	0.4557293392914872
1.18	0.4503230365252003
1.2	0.4448242556842381
1.22	0.439232990674755
1.24	0.43354923486288405
1.26	0.42777298101286965
1.28	0.4219042212160604
1.3	0.4159429468093748
1.32	0.409889148281019
1.34	0.4037428151612027
1.36	0.3975039358947771
1.3800000000000001	0.3911724976921303
1.4000000000000001	0.3847484863538176
1.42	0.3782318860631441
1.44	0.371622679139621
1.46	0.3649208457442594
1.48	0.3581263635254128
1.5	0.3512392071907313
1.52	0.3442593479870228
1.54	0.3371867530648264
1.56	0.33002138469812536
1.58	0.3227631993215948
1.6	0.31541214633773473
1.62	0.3079681666333167
1.6400000000000001	0.3004311907291282
1.6600000000000001	0.29280113646816497
1.68	0.28507790612526657
1.7	0.2772613827970466
1.72	0.2693514259061511
1.74	0.26134786563340157
1.76	0.253250496083758
1.78	0.2450590670127497
1.8	0.2367732740166091
1.82	0.22839274726797226
1.84	0.21991703923588948
1.86	0.2113456124876519
1.8800000000000001	0.2026778298257478
1.9000000000000001	0.1939129509694896
1.92	0.18505014320469396
1.94	0.17608851856685745
1.96	0.16702721813409138
1.98	0.1578655761239733
2.0	0.14860341417711362
2.02	0.1392415408406312
2.04	0.12978256327930593
2.06	0.12023215536278341
2.08	0.11060096014754857
2.1	0.10090731556636354
2.12	0.09118094168308956
2.14	0.08146755501822271
2.16	0.0718340040239672
2.18	0.06237289834099361
2.2	0.053204898280729704
2.22	0.04447615444133404
2.24	0.0363484712123454
2.2600000000000002	0.02898133939133195
2.2800000000000002	0.02250820128817181
2.3000000000000003	0.017012996344338123
2.32	0.01251478535647968
2.34	0.008966131313235504
2.36	0.006265538724502188
2.38	0.00427880988370047
2.4	0.0028618476131451734
2.42	0.001878867872199502
2.44	0.0012133693853206313
2.46	0.0007722725324147212
2.48	0.0004852401605832333
2.5	0.00030141896277680036
2.52	0.0001853230015250521
2.54	0.00011289121883134495
2.56	6.818887479528766e-05
2.58	4.0867317088474496e-05
2.6	2.4315466103173568e-05
2.62	1.4368962362629008e-05
2.64	8.436514867293316e-06
2.66	4.922966084484964e-06
2.68	2.8557881942429002e-06
2.7	1.6472218541184592e-06
2.72	9.448924162746747e-07
2.74	5.391161224702543e-07
2.7600000000000002	3.059904754773646e-07
2.7800000000000002	1.727854536488212e-07
2.8000000000000003	9.707818012950294e-08
2.82	5.4273432318743075e-08
2.84	3.0195039731086607e-08
2.86	1.671837819035081e-08
2.88	9.212705319642841e-09
2.9	5.0528472406052126e-09
2.92	2.758418495645032e-09
2.94	1.4989118869708575e-09
2.96	8.107727949454887e-10
2.98	4.365589875390692e-10
3.0	2.3400202405695154e-10
3.02	1.2486485514053355e-10
3.04	6.63307172648013e-11
3.06	3.507939174073415e-11
3.08	1.846972729144078e-11
3.1	9.681606464586198e-12
3.12	5.052655292586904e-12
3.14	2.625327081020301e-12
3.16	1.3581393874952612e-12
3.18	6.995321026862757e-13
3.2	3.587386010961999e-13
3.22	1.8317243435099377e-13
3.24	9.312316204607716e-14
3.2600000000000002	4.71383775010678e-14
3.2800000000000002	2.375824230053829e-14
3.3000000000000003	1.1922845822397127e-14
3.3200000000000003	5.9576424815454e-15
3.34	2.9641526446986143e-15
3.36	1.4684556680875444e-15
3.38	7.243652582734924e-16
3.4	3.557894499581177e-16
3.42	1.7400800598780364e-16
3.44	8.473990942179816e-17
3.46	4.109141738713808e-17
3.48	1.9840848946362773e-17
3.5	9.53930891706294e-18
3.52	4.5669108925105464e-18
3.54	2.177100413772516e-18
3.56	1.0334415720661236e-18
3.58	4.884792352736922e-19
3.6	2.2991117945711087e-19
3.62	1.077528824088407e-19
3.64	5.0286740320107973e-20
3.66	2.3368710607935443e-20
3.68	1.081368048290085e-20
3.7	4.982767463944706e-21
3.72	2.286265953540212e-21
3.74	1.0445821791888275e-21
3.7600000000000002	4.7524642598645335e-22
3.7800000000000002	2.153059836135867e-22
3.8000000000000003	9.713033894763528e-23
3.8200000000000003	4.3633073954015636e-23
3.84	1.9518180089414143e-23
3.86	8.694125579033121e-24
3.88	3.856346223874066e-24
3.9	1.703295757422974e-24
3.92	7.491494060115683e-25
3.94	3.2810398809045915e-25
3.96	1.4309340493763106e-25
3.98	6.214312490924526e-26
4.0	2.6873994433541254e-26
4.0200000000000005	1.157276956136139e-26
4.04	4.962592352523291e-27
4.0600000000000005	2.1190751633721406e-27
4.08	9.01053995777276e-28
4.1	3.8152428473085617e-28
4.12	1.6086467103700866e-28
4.14	6.754084235000206e-29
4.16	2.823837866054766e-29
4.18	1.1756571674419808e-29
4.2	4.8740439683384505e-30
4.22	2.0121768211133908e-30
4.24	8.27200766140508e-31
4.26	3.3862882633040825e-31
4.28	1.3804009502912279e-31
4.3	5.603443633406789e-32
4.32	2.265026556053818e-32
4.34	9.117173354013155e-33
4.36	3.654397915012669e-33
4.38	1.4586135402495596e-33
4.4	5.797403146620141e-34
4.42	2.2945402582531588e-34
4.44	9.043297932588633e-35
4.46	3.5491718286447336e-35
4.48	1.3870633264620698e-35
4.5	5.398022269833682e-36
4.5200000000000005	2.091906218973848e-36
4.54	8.072702341348065e-37
4.5600000000000005	3.102164941162316e-37
4.58	1.1870802334791516e-37
4.6000000000000005	4.523395106929081e-38
4.62	1.7163990024384732e-38
4.64	6.485467318463337e-39
4.66	2.4402459396678915e-39
4.68	9.143137076515712e-40
4.7	3.4113491758247854e-40
4.72	1.2674371455902922e-40
4.74	4.689170213143664e-41
4.76	1.7275668794294065e-41
4.78	6.337865795194918e-42
4.8	2.3153705027849348e-42
4.82	8.423008316691725e-43
4.84	3.051288163718747e-43
4.86	1.1006987274137715e-43
4.88	3.953874963190122e-44
4.9	1.414316487960324e-44
4.92	5.0377830631064014e-45
4.94	1.7869050662850085e-45
4.96	6.311500680870632e-46
4.98	2.2198973596893653e-46
5.0	7.775032898649853e-47
5.0200000000000005	2.711693658308735e-47
5.04	9.417768995096619e-48
5.0600000000000005	3.2570500107664125e-48
5.08	1.121682054660941e-48
5.1000000000000005	3.846662048975295e-49
5.12	1.3136122007069213e-49
5.14	4.467032956091797e-50
5.16	1.5126551956527707e-50
5.18	5.100696635550544e-51
5.2	1.7127255225690565e-51
5.22	5.7268357413035e-52
5.24	1.9068227461393133e-52
5.26	6.322291528295653e-53
5.28	2.0874076192317411e-53
5.3	6.862913399305065e-54
5.32	2.246871498533286e-54
5.34	7.325147390921501e-55
5.36	2.3780603330688726e-55
5.38	7.687722366759802e-56
5.4	2.474803864884046e-56
5.42	7.9332675980145e-57
5.44	2.5323958654466107e-57
5.46	8.049691032578397e-58
5.48	2.5479734578993617e-58
5.5	8.03116612269511e-59
5.5200000000000005	2.520752974102123e-59
5.54	7.878615101755121e-60
5.5600000000000005	2.4520952951570563e-60
5.58	7.599632904137614e-61
5.6000000000000005	2.345393090736061e-61
5.62	7.2078604646653605e-62
5.64	2.2057929648251432e-62
5.66	6.72187939433421e-63
5.68	2.0397841892876895e-63
5.7	6.163752713409218e-64
5.72	1.854699761634874e-64
5.74	5.557371026972162e-65
5.76	1.658183077752481e-65
5.78	4.926775998051337e-66
5.8	1.457673804872947e-66
5.82	4.294622721674966e-67
5.84	1.2599600143631626e-67
5.86	3.6809127725040665e-68
5.88	1.0708317708553693e-68
5.9	3.1020862511194857e-69
5.92	8.948563593795605e-70
5.94	2.5705115960563814e-70
5.96	7.352796121748232e-71
5.98	2.0943638726115807e-71
6.0	5.940436356777027e-72
6.0200000000000005	1.6778421154133427e-72
6.04	4.7190035923334824e-73
6.0600000000000005	1.3216484013086237e-73
6.08	3.685937017756764e-74
6.1000000000000005	1.0236374603235553e-74
6.12	2.8308095608741746e-75
6.140000000000001	7.795451899929139e-76
6.16	2.1376570650091824e-76
6.18	5.837149344937169e-77
6.2	1.5871922845273618e-77
6.22	4.2975821418053674e-78
6.24	1.1587364494746642e-78
6.26	3.11107818306096e-79
6.28	8.317693096978885e-80
6.3	2.2144225891072856e-80
6.32	5.87061625997029e-81
6.34	1.5497883664704619e-81
6.36	4.074051806310569e-82
6.38	1.0664637035956405e-82
6.4	2.7799112150042224e-83
6.42	7.215742391344837e-84
6.44	1.865074978173622e-84
6.46	4.80039179843338e-85
6.48	1.2303314368018995e-85
6.5	3.1400208790553336e-86
6.5200000000000005	7.980091329211566e-87
6.54	2.019519404989052e-87
6.5600000000000005	5.089240492688292e-88
6.58	1.2770932914412639e-88
6.6000000000000005	3.191221214889403e-89
6.62	7.940644727715292e-90
6.640000000000001	1.9675198385498317e-90
6.66	4.8545268122403003e-91
6.68	1.1927215006697066e-91
6.7	2.9180684990259046e-92
6.72	7.109124771443823e-93
6.74	1.7246498716484442e-93
6.76	4.1662931382753496e-94
6.78	1.0022191914474711e-94
6.8	2.400709126403812e-95
6.82	5.726380976348814e-96
6.84	1.3601434917701525e-96
6.86	3.217013921613656e-97
6.88	7.576782211786614e-98
6.9	1.7769706175388063e-98
6.92	4.149914950281022e-99
6.94	9.650761431630233e-100
6.96	2.2348445755269847e-100
6.98	5.1534297318888124e-101
7.0	1.18333744587679e-101
7.0200000000000005	2.705727143965938e-102
7.04	6.160592143431987e-103
7.0600000000000005	1.396766824382994e-103
7.08	3.1534669608708636e-104
7.1000000000000005	7.089498342470391e-105
7.12	1.5871044050433205e-105
7.140000000000001	3.5380029093857395e-106
7.16	7.853685326005308e-107
7.18	1.7360065280036012e-107
7.2	3.8211288545542036e-108
7.22	8.375184983036855e-109
7.24	1.827929548744746e-109
7.26	3.972708894877568e-110
7.28	8.597579496386127e-111
7.3	1.8527966171264195e-111
7.32	3.9759536501807622e-112
7.34	8.496045211718291e-113
7.36	1.8078157998739908e-113
7.38	3.830481103681817e-114
7.4	8.081913110023682e-115
7.42	1.697995981625931e-115
7.44	3.552390417009969e-116
7.46	7.40058743314697e-117
7.48	1.5352287401219822e-117
7.5	3.171329047778192e-118
7.5200000000000005	6.523351127966206e-119
7.54	1.336168913154269e-119
7.5600000000000005	2.725292051404942e-120
7.58	5.535103354556249e-121
7.6000000000000005	1.11943617996541e-121
7.62	2.2544145721621916e-122
7.640000000000001	4.5209425285845094e-123
7.66	9.027861098893822e-124
7.68	1.7951525043749579e-124
7.7	3.5544986032956484e-125
7.72	7.008350013651653e-126
7.74	1.3759846040680287e-126
7.76	2.690119918332875e-127
7.78	5.237088324027598e-128
7.8	1.0152389413997247e-128
7.82	1.9597770417023824e-129
7.84	3.767081450938336e-130
7.86	7.21046411104471e-131
7.88	1.3742989357064715e-131
7.9	2.6083081564853825e-132
7.92	4.929424330828617e-133
7.94	9.276689947811343e-134
7.96	1.7383984555674256e-134
7.98	3.2438814814378057e-135
