0.02	2.6462964802016455
0.04	2.646296359435656
0.06	2.64629615802387
0.08	2.646295875763141
0.1	2.6462955123684395
0.12	2.6462950674719803
0.14	2.6462945406223852
0.16	2.646293931283464
0.18	2.646293238832952
0.2	2.6462924625607154
0.22	2.6462916016670244
0.24	2.6462906552604424
0.26	2.6462896223555363
0.28	2.6462885018700635
0.3	2.6462872926223477
0.32	2.6462859933277922
0.34	2.6462846025956095
0.36	2.646283118924805
0.38	2.646281540700089
0.4	2.646279866187201
0.42	2.6462780935280446
0.44	2.6462762207352193
0.46	2.646274245686141
0.48	2.6462721661167565
0.5	2.646269979614616
0.52	2.6462676836113315
0.54	2.6462652753747444
0.56	2.6462627519998607
0.58	2.6462601103996732
0.6	2.6462573472947297
0.62	2.6462544592020447
0.64	2.6462514424231913
0.66	2.6462482930311215
0.68	2.6462450068560535
0.7000000000000001	2.646241579470129
0.72	2.6462380061707105
0.74	2.646234281962164
0.76	2.6462304015363043
0.78	2.6462263592506288
0.8	2.646222149105161
0.8200000000000001	2.646217764716577
0.84	2.6462131992905147
0.86	2.6462084455908044
0.88	2.646203495906088
0.9	2.6461983420129815
0.92	2.6461929751359086
0.9400000000000001	2.6461873859025205
0.96	2.6461815642949458
0.98	2.6461754995958318
1.0	2.646169180328741
1.02	2.646162594192118
1.04	2.6461557279861596
1.06	2.646148567531294
1.08	2.646141097577749
1.1	2.6461333017042126
1.12	2.646125162204733
1.1400000000000001	2.646116659961761
1.16	2.6461077743034687
1.18	2.646098482842661
1.2	2.646088761295041
1.22	2.646078583272706
1.24	2.6460679200493047
1.26	2.646056740292139
1.28	2.6460450097546797
1.3	2.646032690923492
1.32	2.6460197426099654
1.34	2.646006119477077
1.36	2.6459917714878642
1.3800000000000001	2.645976643259753
1.4000000000000001	2.645960673305142
1.42	2.645943793133207
1.44	2.645925926182276
1.46	2.645906986543631
1.48	2.645886877427877
1.5	2.6458654893113254
1.52	2.64584269768359
1.54	2.6458183602959338
1.56	2.6457923137823087
1.58	2.645764369490254
1.6	2.6457343083153164
1.62	2.6457018742766754
1.6400000000000001	2.645666766504842
1.6600000000000001	2.64562862923069
1.68	2.6455870392691647
1.7	2.645541490386514
1.72	2.6454913738323773
1.74	2.6454359542294883
1.76	2.6453743399807585
1.78	2.6453054474432878
1.8	2.645227958450588
1.82	2.645140271537965
1.84	2.6450404487715886
1.86	2.6449261629346297
1.8800000000000001	2.6447946548291217
1.9000000000000001	2.6446427189234702
1.92	2.644466749492569
1.94	2.6442629016638954
1.96	2.6440274564712327
1.98	2.6437575314892943
2.0	2.6434523552144116
2.02	2.643115430003676
2.04	2.6427580470005547
2.06	2.6424047771910795
2.08	2.6421017093637063
2.1	2.6419282524371663
2.12	2.642013101089892
2.14	2.642554215114332
2.16	2.643841054634439
2.18	2.6462746225856986
2.2	2.650377375413612
2.22	2.656782134132259
2.24	2.666189491523942
2.2600000000000002	2.679290015750181
2.2800000000000002	2.696661484164299
2.3000000000000003	2.7186673336175002
2.32	2.745390089624067
2.34	2.77662435708211
2.36	2.811930679044421
2.38	2.8507280027437263
2.4	2.892392409067903
2.42	2.936335969170466
2.44	2.9820542418496423
2.46	3.029144195869244
2.48	3.0773012708682685
2.5	3.126305269321246
2.52	3.1760025335608333
2.54	3.2262888756525885
2.56	3.2770952950624257
2.58	3.3283769796143607
2.6	3.3801053014158167
2.62	3.432262227384953
2.64	3.4848365362346363
2.66	3.537821320243432
2.68	3.591212367899522
2.7	3.645007133895186
2.72	3.6992040922457026
2.74	3.753802334889875
2.7600000000000002	3.8088013252468165
2.7800000000000002	3.8642007483432623
2.8000000000000003	3.920000420455609
2.82	3.9762002350664742
2.84	4.032800130780782
2.86	4.089800072411479
2.88	4.14720003990299
2.9	4.205000021885651
2.92	4.263200011947815
2.94	4.321800006492463
2.96	4.380800003511864
2.98	4.440200001890979
3.0	4.500000001013604
3.02	4.560200000540872
3.04	4.620800000287326
3.06	4.681800000151956
3.08	4.743200000080007
3.1	4.80500000004194
3.12	4.867200000021888
3.14	4.929800000011373
3.16	4.992800000005884
3.18	5.056200000003031
3.2	5.120000000001555
3.22	5.184200000000794
3.24	5.248800000000404
3.2600000000000002	5.313800000000205
3.2800000000000002	5.379200000000104
3.3000000000000003	5.445000000000053
3.3200000000000003	5.511200000000026
3.34	5.577800000000012
3.36	5.644800000000005
3.38	5.712200000000003
3.4	5.780000000000001
3.42	5.8482
3.44	5.916799999999999
3.46	5.9858
3.48	6.0552
3.5	6.125
3.52	6.1952
3.54	6.2658000000000005
3.56	6.3368
3.58	6.4082
3.6	6.48
3.62	6.5522
3.64	6.6248000000000005
3.66	6.697800000000001
3.68	6.7712
3.7	6.845000000000001
3.72	6.919200000000001
3.74	6.993800000000001
3.7600000000000002	7.068800000000001
3.7800000000000002	7.1442000000000005
3.8000000000000003	7.220000000000001
3.8200000000000003	7.296200000000001
3.84	7.3728
3.86	7.4498
3.88	7.5272
3.9	7.6049999999999995
3.92	7.683199999999999
3.94	7.7618
3.96	7.8408
3.98	7.9202
4.0	8.0
4.0200000000000005	8.080200000000001
4.04	8.1608
4.0600000000000005	8.241800000000001
4.08	8.3232
4.1	8.405
4.12	8.4872
4.14	8.569799999999999
4.16	8.652800000000001
4.18	8.736199999999998
4.2	8.82
4.22	8.9042
4.24	8.988800000000001
4.26	9.073799999999999
4.28	9.1592
4.3	9.245
4.32	9.3312
4.34	9.4178
4.36	9.504800000000001
4.38	9.5922
4.4	9.680000000000001
4.42	9.7682
4.44	9.856800000000002
4.46	9.9458
4.48	10.035200000000001
4.5	10.125
4.5200000000000005	10.215200000000003
4.54	10.3058
4.5600000000000005	10.396800000000002
4.58	10.4882
4.6000000000000005	10.580000000000002
4.62	10.6722
4.64	10.7648
4.66	10.857800000000001
4.68	10.951199999999998
4.7	11.045000000000002
4.72	11.139199999999999
4.74	11.2338
4.76	11.3288
4.78	11.4242
4.8	11.52
4.82	11.616200000000001
4.84	11.7128
4.86	11.809800000000001
4.88	11.9072
4.9	12.005000000000003
4.92	12.1032
4.94	12.201800000000002
4.96	12.3008
4.98	12.400200000000002
5.0	12.5
5.0200000000000005	12.600200000000003
5.04	12.700800000000001
5.0600000000000005	12.801800000000002
5.08	12.9032
5.1000000000000005	13.005000000000003
5.12	13.1072
5.14	13.209799999999998
5.16	13.312800000000001
5.18	13.416199999999998
5.2	13.520000000000001
5.22	13.624199999999998
5.24	13.728800000000001
5.26	13.833799999999998
5.28	13.939200000000001
5.3	14.045
5.32	14.151200000000001
5.34	14.2578
5.36	14.364800000000002
5.38	14.472199999999999
5.4	14.580000000000002
5.42	14.6882
5.44	14.796800000000003
5.46	14.9058
5.48	15.015200000000002
5.5	15.125
5.5200000000000005	15.235200000000003
5.54	15.3458
5.5600000000000005	15.456800000000003
5.58	15.568200000000001
5.6000000000000005	15.680000000000003
5.62	15.792200000000001
5.64	15.904799999999998
5.66	16.0178
5.68	16.1312
5.7	16.245
5.72	16.359199999999998
5.74	16.4738
5.76	16.5888
5.78	16.7042
5.8	16.82
5.82	16.936200000000003
5.84	17.052799999999998
5.86	17.169800000000002
5.88	17.2872
5.9	17.405
5.92	17.5232
5.94	17.641800000000003
5.96	17.7608
5.98	17.880200000000002
6.0	18.0
6.0200000000000005	18.120200000000004
6.04	18.2408
6.0600000000000005	18.361800000000002
6.08	18.4832
6.1000000000000005	18.605000000000004
6.12	18.7272
6.140000000000001	18.849800000000002
6.16	18.9728
6.18	19.0962
6.2	19.220000000000002
6.22	19.344199999999997
6.24	19.4688
6.26	19.593799999999998
6.28	19.7192
6.3	19.845
6.32	19.971200000000003
6.34	20.0978
6.36	20.224800000000002
6.38	20.3522
6.4	20.480000000000004
6.42	20.6082
6.44	20.736800000000002
6.46	20.8658
6.48	20.995200000000004
6.5	21.125
6.5200000000000005	21.255200000000002
6.54	21.3858
6.5600000000000005	21.516800000000003
6.58	21.6482
6.6000000000000005	21.780000000000005
6.62	21.912200000000002
6.640000000000001	22.044800000000002
6.66	22.1778
6.68	22.3112
6.7	22.445
6.72	22.579199999999997
6.74	22.713800000000003
6.76	22.848799999999997
6.78	22.9842
6.8	23.119999999999997
6.82	23.256200000000003
6.84	23.392799999999998
6.86	23.5298
6.88	23.667199999999998
6.9	23.805000000000003
6.92	23.9432
6.94	24.0818
6.96	24.2208
6.98	24.360200000000003
7.0	24.5
7.0200000000000005	24.640200000000004
7.04	24.7808
7.0600000000000005	24.921800000000005
7.08	25.063200000000002
7.1000000000000005	25.205000000000005
7.12	25.3472
7.140000000000001	25.489800000000002
7.16	25.6328
7.18	25.7762
7.2	25.92
7.22	26.0642
7.24	26.2088
7.26	26.3538
7.28	26.499200000000002
7.3	26.645
7.32	26.791200000000003
7.34	26.9378
7.36	27.0848
7.38	27.2322
7.4	27.380000000000003
7.42	27.5282
7.44	27.676800000000004
7.46	27.8258
7.48	27.975200000000005
7.5	28.125
7.5200000000000005	28.275200000000005
7.54	28.4258
7.5600000000000005	28.576800000000002
7.58	28.7282
7.6000000000000005	28.880000000000003
7.62	29.0322
7.640000000000001	29.184800000000003
7.66	29.3378
7.68	29.4912
7.7	29.645000000000003
7.72	29.7992
7.74	29.9538
7.76	30.1088
7.78	30.264200000000002
7.8	30.419999999999998
7.82	30.576200000000004
7.84	30.732799999999997
7.86	30.8898
7.88	31.0472
7.9	31.205000000000002
7.92	31.3632
7.94	31.521800000000002
7.96	31.6808
7.98	31.840200000000003
